     1628.902555,        0.000930,        0.000000,        0.000000
      198.109656,        0.000417,        0.000000,        0.000000
    -1853.022629,        0.000425,        0.000000,        0.000000
     -494.166582,        0.000458,        0.000000,        0.000000
    -1440.942142,        0.000882,        0.000000,        0.000000
    -1849.819129,        0.000418,        0.000000,        0.000000
    -1139.781667,        0.000709,        0.000000,        0.000000
     1269.403256,        0.000761,        0.000000,        0.000000
    -1850.977908,        0.000432,        0.000000,        0.000000
        0.000000,        0.000000,        0.000000,        0.000000
        0.000000,        0.000000,        0.000000,        0.000000
        0.000000,        0.000000,        0.000000,        0.000000
        0.005300,        0.000000,        0.000000,        0.000000
        0.000000,        0.000000,        0.000000,        0.000000
        0.928130,        0.000000,        0.000000,        0.000000
       -0.277230,        0.005389,        1.000000,      107.000000
       -0.277139,        0.005339,        1.000000,      107.000000
       -0.277048,        0.005293,        1.000000,      107.000000
       -0.276959,        0.005251,        1.000000,      107.000000
       -0.276871,        0.005210,        1.000000,      107.000000
       -0.276778,        0.005170,        1.000000,      107.000000
       -0.276680,        0.005131,        1.000000,      107.000000
       -0.276584,        0.005092,        1.000000,      107.000000
       -0.276498,        0.005054,        1.000000,      107.000000
       -0.276417,        0.005018,        1.000000,      107.000000
       -0.276343,        0.004983,        1.000000,      107.000000
       -0.276289,        0.004950,        1.000000,      107.000000
       -0.276239,        0.004919,        1.000000,      107.000000
       -0.276191,        0.004891,        1.000000,      107.000000
       -0.276154,        0.004864,        1.000000,      107.000000
       -0.276129,        0.004840,        1.000000,      107.000000
       -0.276107,        0.004818,        1.000000,      107.000000
       -0.276064,        0.004798,        1.000000,      107.000000
       -0.276011,        0.004781,        1.000000,      107.000000
       -0.275958,        0.004766,        1.000000,      107.000000
       -0.275911,        0.004753,        1.000000,      107.000000
       -0.275860,        0.004742,        1.000000,      107.000000
       -0.275802,        0.004733,        1.000000,      107.000000
       -0.275719,        0.004726,        1.000000,      107.000000
       -0.275625,        0.004721,        1.000000,      107.000000
       -0.275546,        0.004717,        1.000000,      107.000000
       -0.275469,        0.004715,        1.000000,      107.000000
       -0.275376,        0.004714,        1.000000,      107.000000
       -0.275262,        0.004714,        1.000000,      107.000000
       -0.275137,        0.004715,        1.000000,      107.000000
       -0.275015,        0.004717,        1.000000,      107.000000
       -0.274888,        0.004720,        1.000000,      107.000000
       -0.274751,        0.004724,        1.000000,      107.000000
       -0.274607,        0.004728,        1.000000,      107.000000
       -0.274466,        0.004732,        1.000000,      107.000000
       -0.274333,        0.004737,        1.000000,      107.000000
       -0.274219,        0.004742,        1.000000,      107.000000
       -0.274124,        0.004746,        1.000000,      107.000000
       -0.274024,        0.004751,        1.000000,      107.000000
       -0.273922,        0.004756,        1.000000,      107.000000
       -0.273828,        0.004761,        1.000000,      107.000000
       -0.273738,        0.004766,        1.000000,      107.000000
       -0.273646,        0.004770,        1.000000,      107.000000
       -0.273558,        0.004774,        1.000000,      107.000000
       -0.273491,        0.004778,        1.000000,      107.000000
       -0.273441,        0.004781,        1.000000,      107.000000
       -0.273410,        0.004784,        1.000000,      107.000000
       -0.273403,        0.004787,        1.000000,      107.000000
       -0.273407,        0.004789,        1.000000,      107.000000
       -0.273411,        0.004791,        1.000000,      107.000000
       -0.273417,        0.004793,        1.000000,      107.000000
       -0.273420,        0.004794,        1.000000,      107.000000
       -0.273422,        0.004794,        1.000000,      107.000000
       -0.273418,        0.004794,        1.000000,      107.000000
       -0.273400,        0.004794,        1.000000,      107.000000
       -0.273369,        0.004793,        1.000000,      107.000000
       -0.273337,        0.004791,        1.000000,      107.000000
       -0.273301,        0.004789,        1.000000,      107.000000
       -0.273268,        0.004787,        1.000000,      107.000000
       -0.273221,        0.004784,        1.000000,      107.000000
       -0.273164,        0.004781,        1.000000,      107.000000
       -0.273100,        0.004777,        1.000000,      107.000000
       -0.273031,        0.004773,        1.000000,      107.000000
       -0.272953,        0.004768,        1.000000,      107.000000
       -0.272874,        0.004763,        1.000000,      107.000000
       -0.272788,        0.004758,        1.000000,      107.000000
       -0.272676,        0.004752,        1.000000,      107.000000
       -0.272556,        0.004746,        1.000000,      107.000000
       -0.272440,        0.004740,        1.000000,      107.000000
       -0.272343,        0.004734,        1.000000,      107.000000
       -0.272264,        0.004729,        1.000000,      107.000000
       -0.272195,        0.004723,        1.000000,      107.000000
       -0.272130,        0.004717,        1.000000,      107.000000
       -0.272051,        0.004712,        1.000000,      107.000000
       -0.271962,        0.004707,        1.000000,      107.000000
       -0.271877,        0.004702,        1.000000,      107.000000
       -0.271822,        0.004699,        1.000000,      107.000000
       -0.271780,        0.004696,        1.000000,      107.000000
       -0.271742,        0.004694,        1.000000,      107.000000
       -0.271698,        0.004693,        1.000000,      107.000000
       -0.271660,        0.004693,        1.000000,      107.000000
       -0.271634,        0.004695,        1.000000,      107.000000
       -0.271622,        0.004698,        1.000000,      107.000000
       -0.271615,        0.004703,        1.000000,      107.000000
       -0.271599,        0.004709,        1.000000,      107.000000
       -0.271579,        0.004717,        1.000000,      107.000000
       -0.271555,        0.004728,        1.000000,      107.000000
       -0.271521,        0.004740,        1.000000,      107.000000
       -0.271489,        0.004755,        1.000000,      107.000000
       -0.271465,        0.004772,        1.000000,      107.000000
       -0.271438,        0.004791,        1.000000,      107.000000
       -0.271391,        0.004813,        1.000000,      107.000000
       -0.271332,        0.004836,        1.000000,      107.000000
       -0.271273,        0.004862,        1.000000,      107.000000
       -0.271211,        0.004891,        1.000000,      107.000000
       -0.271146,        0.004921,        1.000000,      107.000000
       -0.271077,        0.004953,        1.000000,      107.000000
       -0.271002,        0.004987,        1.000000,      107.000000
       -0.270928,        0.005023,        1.000000,      107.000000
       -0.270859,        0.005060,        1.000000,      107.000000
       -0.270802,        0.005098,        1.000000,      107.000000
       -0.270756,        0.005137,        1.000000,      107.000000
       -0.270714,        0.005176,        1.000000,      107.000000
       -0.270678,        0.005217,        1.000000,      107.000000
       -0.270644,        0.005259,        1.000000,      107.000000
       -0.270607,        0.005304,        1.000000,      107.000000
       -0.270569,        0.005354,        1.000000,      107.000000
        0.000499,        0.005639,        2.000000,      107.000000
        0.000533,        0.005566,        2.000000,      107.000000
        0.000566,        0.005494,        2.000000,      107.000000
        0.000600,        0.005423,        2.000000,      107.000000
        0.000634,        0.005352,        2.000000,      107.000000
        0.000668,        0.005283,        2.000000,      107.000000
        0.000701,        0.005215,        2.000000,      107.000000
        0.000735,        0.005148,        2.000000,      107.000000
        0.000769,        0.005083,        2.000000,      107.000000
        0.000802,        0.005018,        2.000000,      107.000000
        0.000836,        0.004955,        2.000000,      107.000000
        0.000869,        0.004893,        2.000000,      107.000000
        0.000902,        0.004832,        2.000000,      107.000000
        0.000935,        0.004772,        2.000000,      107.000000
        0.000968,        0.004713,        2.000000,      107.000000
        0.001001,        0.004656,        2.000000,      107.000000
        0.001034,        0.004600,        2.000000,      107.000000
        0.001069,        0.004546,        2.000000,      107.000000
        0.001104,        0.004492,        2.000000,      107.000000
        0.001140,        0.004440,        2.000000,      107.000000
        0.001175,        0.004389,        2.000000,      107.000000
        0.001211,        0.004340,        2.000000,      107.000000
        0.001247,        0.004292,        2.000000,      107.000000
        0.001285,        0.004246,        2.000000,      107.000000
        0.001324,        0.004200,        2.000000,      107.000000
        0.001362,        0.004156,        2.000000,      107.000000
        0.001400,        0.004114,        2.000000,      107.000000
        0.001440,        0.004073,        2.000000,      107.000000
        0.001480,        0.004033,        2.000000,      107.000000
        0.001521,        0.003995,        2.000000,      107.000000
        0.001563,        0.003959,        2.000000,      107.000000
        0.001604,        0.003923,        2.000000,      107.000000
        0.001647,        0.003890,        2.000000,      107.000000
        0.001690,        0.003857,        2.000000,      107.000000
        0.001733,        0.003827,        2.000000,      107.000000
        0.001775,        0.003797,        2.000000,      107.000000
        0.001817,        0.003769,        2.000000,      107.000000
        0.001858,        0.003743,        2.000000,      107.000000
        0.001900,        0.003718,        2.000000,      107.000000
        0.001941,        0.003695,        2.000000,      107.000000
        0.001982,        0.003674,        2.000000,      107.000000
        0.002023,        0.003654,        2.000000,      107.000000
        0.002064,        0.003635,        2.000000,      107.000000
        0.002105,        0.003618,        2.000000,      107.000000
        0.002145,        0.003603,        2.000000,      107.000000
        0.002185,        0.003589,        2.000000,      107.000000
        0.002223,        0.003577,        2.000000,      107.000000
        0.002261,        0.003567,        2.000000,      107.000000
        0.002298,        0.003558,        2.000000,      107.000000
        0.002335,        0.003551,        2.000000,      107.000000
        0.002371,        0.003545,        2.000000,      107.000000
        0.002406,        0.003541,        2.000000,      107.000000
        0.002441,        0.003539,        2.000000,      107.000000
        0.002475,        0.003538,        2.000000,      107.000000
        0.002509,        0.003539,        2.000000,      107.000000
        0.002542,        0.003541,        2.000000,      107.000000
        0.002576,        0.003545,        2.000000,      107.000000
        0.002608,        0.003551,        2.000000,      107.000000
        0.002641,        0.003559,        2.000000,      107.000000
        0.002673,        0.003568,        2.000000,      107.000000
        0.002705,        0.003578,        2.000000,      107.000000
        0.002736,        0.003591,        2.000000,      107.000000
        0.002767,        0.003605,        2.000000,      107.000000
        0.002798,        0.003620,        2.000000,      107.000000
        0.002829,        0.003637,        2.000000,      107.000000
        0.002859,        0.003656,        2.000000,      107.000000
        0.002889,        0.003676,        2.000000,      107.000000
        0.002919,        0.003698,        2.000000,      107.000000
        0.002949,        0.003721,        2.000000,      107.000000
        0.002980,        0.003746,        2.000000,      107.000000
        0.003012,        0.003772,        2.000000,      107.000000
        0.003044,        0.003800,        2.000000,      107.000000
        0.003076,        0.003830,        2.000000,      107.000000
        0.003108,        0.003861,        2.000000,      107.000000
        0.003140,        0.003893,        2.000000,      107.000000
        0.003171,        0.003927,        2.000000,      107.000000
        0.003205,        0.003962,        2.000000,      107.000000
        0.003239,        0.003999,        2.000000,      107.000000
        0.003273,        0.004037,        2.000000,      107.000000
        0.003307,        0.004077,        2.000000,      107.000000
        0.003341,        0.004118,        2.000000,      107.000000
        0.003376,        0.004161,        2.000000,      107.000000
        0.003412,        0.004205,        2.000000,      107.000000
        0.003448,        0.004250,        2.000000,      107.000000
        0.003484,        0.004297,        2.000000,      107.000000
        0.003519,        0.004345,        2.000000,      107.000000
        0.003554,        0.004394,        2.000000,      107.000000
        0.003589,        0.004445,        2.000000,      107.000000
        0.003624,        0.004497,        2.000000,      107.000000
        0.003659,        0.004551,        2.000000,      107.000000
        0.003694,        0.004605,        2.000000,      107.000000
        0.003728,        0.004661,        2.000000,      107.000000
        0.003762,        0.004719,        2.000000,      107.000000
        0.003795,        0.004777,        2.000000,      107.000000
        0.003828,        0.004837,        2.000000,      107.000000
        0.003861,        0.004898,        2.000000,      107.000000
        0.003894,        0.004960,        2.000000,      107.000000
        0.003926,        0.005024,        2.000000,      107.000000
        0.003958,        0.005089,        2.000000,      107.000000
        0.003990,        0.005154,        2.000000,      107.000000
        0.004022,        0.005221,        2.000000,      107.000000
        0.004055,        0.005289,        2.000000,      107.000000
        0.004087,        0.005358,        2.000000,      107.000000
        0.004119,        0.005429,        2.000000,      107.000000
        0.004151,        0.005500,        2.000000,      107.000000
        0.004183,        0.005572,        2.000000,      107.000000
        0.004216,        0.005646,        2.000000,      107.000000
        0.007221,        0.006484,        3.000000,      107.000000
        0.007092,        0.006411,        3.000000,      107.000000
        0.006962,        0.006338,        3.000000,      107.000000
        0.006833,        0.006267,        3.000000,      107.000000
        0.006703,        0.006197,        3.000000,      107.000000
        0.006574,        0.006128,        3.000000,      107.000000
        0.006445,        0.006060,        3.000000,      107.000000
        0.006316,        0.005995,        3.000000,      107.000000
        0.006186,        0.005930,        3.000000,      107.000000
        0.006056,        0.005867,        3.000000,      107.000000
        0.005926,        0.005805,        3.000000,      107.000000
        0.005795,        0.005745,        3.000000,      107.000000
        0.005663,        0.005686,        3.000000,      107.000000
        0.005531,        0.005628,        3.000000,      107.000000
        0.005399,        0.005572,        3.000000,      107.000000
        0.005266,        0.005517,        3.000000,      107.000000
        0.005133,        0.005464,        3.000000,      107.000000
        0.005001,        0.005411,        3.000000,      107.000000
        0.004868,        0.005361,        3.000000,      107.000000
        0.004736,        0.005311,        3.000000,      107.000000
        0.004604,        0.005263,        3.000000,      107.000000
        0.004471,        0.005216,        3.000000,      107.000000
        0.004339,        0.005171,        3.000000,      107.000000
        0.004207,        0.005127,        3.000000,      107.000000
        0.004075,        0.005085,        3.000000,      107.000000
        0.003944,        0.005044,        3.000000,      107.000000
        0.003813,        0.005004,        3.000000,      107.000000
        0.003682,        0.004966,        3.000000,      107.000000
        0.003551,        0.004929,        3.000000,      107.000000
        0.003421,        0.004894,        3.000000,      107.000000
        0.003291,        0.004860,        3.000000,      107.000000
        0.003161,        0.004827,        3.000000,      107.000000
        0.003032,        0.004796,        3.000000,      107.000000
        0.002904,        0.004766,        3.000000,      107.000000
        0.002776,        0.004738,        3.000000,      107.000000
        0.002649,        0.004711,        3.000000,      107.000000
        0.002522,        0.004686,        3.000000,      107.000000
        0.002397,        0.004662,        3.000000,      107.000000
        0.002272,        0.004639,        3.000000,      107.000000
        0.002147,        0.004618,        3.000000,      107.000000
        0.002023,        0.004599,        3.000000,      107.000000
        0.001899,        0.004581,        3.000000,      107.000000
        0.001776,        0.004564,        3.000000,      107.000000
        0.001653,        0.004549,        3.000000,      107.000000
        0.001531,        0.004536,        3.000000,      107.000000
        0.001410,        0.004523,        3.000000,      107.000000
        0.001291,        0.004513,        3.000000,      107.000000
        0.001172,        0.004503,        3.000000,      107.000000
        0.001054,        0.004495,        3.000000,      107.000000
        0.000936,        0.004489,        3.000000,      107.000000
        0.000818,        0.004484,        3.000000,      107.000000
        0.000700,        0.004481,        3.000000,      107.000000
        0.000582,        0.004479,        3.000000,      107.000000
        0.000464,        0.004478,        3.000000,      107.000000
        0.000345,        0.004479,        3.000000,      107.000000
        0.000225,        0.004482,        3.000000,      107.000000
        0.000105,        0.004486,        3.000000,      107.000000
       -0.000015,        0.004491,        3.000000,      107.000000
       -0.000135,        0.004498,        3.000000,      107.000000
       -0.000255,        0.004506,        3.000000,      107.000000
       -0.000377,        0.004516,        3.000000,      107.000000
       -0.000499,        0.004527,        3.000000,      107.000000
       -0.000621,        0.004540,        3.000000,      107.000000
       -0.000743,        0.004554,        3.000000,      107.000000
       -0.000866,        0.004569,        3.000000,      107.000000
       -0.000990,        0.004586,        3.000000,      107.000000
       -0.001115,        0.004605,        3.000000,      107.000000
       -0.001240,        0.004625,        3.000000,      107.000000
       -0.001365,        0.004646,        3.000000,      107.000000
       -0.001491,        0.004669,        3.000000,      107.000000
       -0.001616,        0.004693,        3.000000,      107.000000
       -0.001740,        0.004719,        3.000000,      107.000000
       -0.001865,        0.004746,        3.000000,      107.000000
       -0.001990,        0.004775,        3.000000,      107.000000
       -0.002116,        0.004805,        3.000000,      107.000000
       -0.002241,        0.004836,        3.000000,      107.000000
       -0.002366,        0.004869,        3.000000,      107.000000
       -0.002491,        0.004904,        3.000000,      107.000000
       -0.002616,        0.004939,        3.000000,      107.000000
       -0.002741,        0.004976,        3.000000,      107.000000
       -0.002866,        0.005015,        3.000000,      107.000000
       -0.002991,        0.005055,        3.000000,      107.000000
       -0.003115,        0.005096,        3.000000,      107.000000
       -0.003240,        0.005139,        3.000000,      107.000000
       -0.003364,        0.005183,        3.000000,      107.000000
       -0.003487,        0.005229,        3.000000,      107.000000
       -0.003611,        0.005276,        3.000000,      107.000000
       -0.003734,        0.005324,        3.000000,      107.000000
       -0.003857,        0.005374,        3.000000,      107.000000
       -0.003980,        0.005425,        3.000000,      107.000000
       -0.004102,        0.005478,        3.000000,      107.000000
       -0.004224,        0.005531,        3.000000,      107.000000
       -0.004346,        0.005586,        3.000000,      107.000000
       -0.004467,        0.005643,        3.000000,      107.000000
       -0.004588,        0.005701,        3.000000,      107.000000
       -0.004710,        0.005760,        3.000000,      107.000000
       -0.004831,        0.005821,        3.000000,      107.000000
       -0.004952,        0.005883,        3.000000,      107.000000
       -0.005072,        0.005946,        3.000000,      107.000000
       -0.005194,        0.006011,        3.000000,      107.000000
       -0.005316,        0.006077,        3.000000,      107.000000
       -0.005438,        0.006144,        3.000000,      107.000000
       -0.005560,        0.006213,        3.000000,      107.000000
       -0.005683,        0.006283,        3.000000,      107.000000
       -0.005806,        0.006355,        3.000000,      107.000000
       -0.005929,        0.006428,        3.000000,      107.000000
       -0.006052,        0.006501,        3.000000,      107.000000
       -0.002458,        0.003756,        4.000000,      107.000000
       -0.002284,        0.003758,        4.000000,      107.000000
       -0.002110,        0.003760,        4.000000,      107.000000
       -0.001938,        0.003762,        4.000000,      107.000000
       -0.001771,        0.003765,        4.000000,      107.000000
       -0.001615,        0.003768,        4.000000,      107.000000
       -0.001471,        0.003771,        4.000000,      107.000000
       -0.001344,        0.003774,        4.000000,      107.000000
       -0.001233,        0.003777,        4.000000,      107.000000
       -0.001139,        0.003780,        4.000000,      107.000000
       -0.001059,        0.003784,        4.000000,      107.000000
       -0.000992,        0.003787,        4.000000,      107.000000
       -0.000934,        0.003791,        4.000000,      107.000000
       -0.000882,        0.003794,        4.000000,      107.000000
       -0.000836,        0.003798,        4.000000,      107.000000
       -0.000795,        0.003801,        4.000000,      107.000000
       -0.000758,        0.003805,        4.000000,      107.000000
       -0.000723,        0.003808,        4.000000,      107.000000
       -0.000687,        0.003811,        4.000000,      107.000000
       -0.000650,        0.003813,        4.000000,      107.000000
       -0.000609,        0.003816,        4.000000,      107.000000
       -0.000563,        0.003818,        4.000000,      107.000000
       -0.000511,        0.003820,        4.000000,      107.000000
       -0.000453,        0.003821,        4.000000,      107.000000
       -0.000386,        0.003822,        4.000000,      107.000000
       -0.000314,        0.003822,        4.000000,      107.000000
       -0.000236,        0.003822,        4.000000,      107.000000
       -0.000152,        0.003821,        4.000000,      107.000000
       -0.000064,        0.003820,        4.000000,      107.000000
        0.000029,        0.003819,        4.000000,      107.000000
        0.000125,        0.003817,        4.000000,      107.000000
        0.000222,        0.003815,        4.000000,      107.000000
        0.000315,        0.003812,        4.000000,      107.000000
        0.000402,        0.003809,        4.000000,      107.000000
        0.000480,        0.003806,        4.000000,      107.000000
        0.000545,        0.003802,        4.000000,      107.000000
        0.000596,        0.003798,        4.000000,      107.000000
        0.000632,        0.003794,        4.000000,      107.000000
        0.000651,        0.003790,        4.000000,      107.000000
        0.000649,        0.003786,        4.000000,      107.000000
        0.000626,        0.003782,        4.000000,      107.000000
        0.000579,        0.003777,        4.000000,      107.000000
        0.000508,        0.003773,        4.000000,      107.000000
        0.000411,        0.003769,        4.000000,      107.000000
        0.000286,        0.003765,        4.000000,      107.000000
        0.000130,        0.003761,        4.000000,      107.000000
       -0.000056,        0.003757,        4.000000,      107.000000
       -0.000270,        0.003754,        4.000000,      107.000000
       -0.000513,        0.003750,        4.000000,      107.000000
       -0.000783,        0.003747,        4.000000,      107.000000
       -0.001079,        0.003744,        4.000000,      107.000000
       -0.001400,        0.003742,        4.000000,      107.000000
       -0.001745,        0.003739,        4.000000,      107.000000
       -0.002114,        0.003737,        4.000000,      107.000000
       -0.002505,        0.003735,        4.000000,      107.000000
       -0.002915,        0.003734,        4.000000,      107.000000
       -0.003342,        0.003732,        4.000000,      107.000000
       -0.003782,        0.003731,        4.000000,      107.000000
       -0.004232,        0.003730,        4.000000,      107.000000
       -0.004689,        0.003729,        4.000000,      107.000000
       -0.005148,        0.003728,        4.000000,      107.000000
       -0.005606,        0.003728,        4.000000,      107.000000
       -0.006060,        0.003728,        4.000000,      107.000000
       -0.006505,        0.003727,        4.000000,      107.000000
       -0.006936,        0.003727,        4.000000,      107.000000
       -0.007351,        0.003727,        4.000000,      107.000000
       -0.007747,        0.003728,        4.000000,      107.000000
       -0.008122,        0.003728,        4.000000,      107.000000
       -0.008471,        0.003728,        4.000000,      107.000000
       -0.008793,        0.003729,        4.000000,      107.000000
       -0.009083,        0.003729,        4.000000,      107.000000
       -0.009339,        0.003730,        4.000000,      107.000000
       -0.009558,        0.003731,        4.000000,      107.000000
       -0.009737,        0.003731,        4.000000,      107.000000
       -0.009875,        0.003732,        4.000000,      107.000000
       -0.009973,        0.003733,        4.000000,      107.000000
       -0.010030,        0.003734,        4.000000,      107.000000
       -0.010046,        0.003735,        4.000000,      107.000000
       -0.010020,        0.003735,        4.000000,      107.000000
       -0.009951,        0.003736,        4.000000,      107.000000
       -0.009843,        0.003737,        4.000000,      107.000000
       -0.009698,        0.003738,        4.000000,      107.000000
       -0.009522,        0.003739,        4.000000,      107.000000
       -0.009314,        0.003740,        4.000000,      107.000000
       -0.009078,        0.003740,        4.000000,      107.000000
       -0.008813,        0.003741,        4.000000,      107.000000
       -0.008522,        0.003742,        4.000000,      107.000000
       -0.008210,        0.003743,        4.000000,      107.000000
       -0.007879,        0.003743,        4.000000,      107.000000
       -0.007533,        0.003744,        4.000000,      107.000000
       -0.007177,        0.003744,        4.000000,      107.000000
       -0.006813,        0.003745,        4.000000,      107.000000
       -0.006445,        0.003745,        4.000000,      107.000000
       -0.006074,        0.003746,        4.000000,      107.000000
       -0.005704,        0.003746,        4.000000,      107.000000
       -0.005338,        0.003747,        4.000000,      107.000000
       -0.004978,        0.003747,        4.000000,      107.000000
       -0.004628,        0.003748,        4.000000,      107.000000
       -0.004289,        0.003749,        4.000000,      107.000000
       -0.003964,        0.003750,        4.000000,      107.000000
       -0.003653,        0.003751,        4.000000,      107.000000
       -0.003357,        0.003752,        4.000000,      107.000000
       -0.003073,        0.003753,        4.000000,      107.000000
       -0.002799,        0.003755,        4.000000,      107.000000
       -0.002531,        0.003756,        4.000000,      107.000000
       -0.002264,        0.003758,        4.000000,      107.000000
       -0.001998,        0.003760,        4.000000,      107.000000
       -0.004284,        0.004072,        5.000000,      107.000000
       -0.004228,        0.004069,        5.000000,      107.000000
       -0.004170,        0.004066,        5.000000,      107.000000
       -0.004116,        0.004063,        5.000000,      107.000000
       -0.004075,        0.004060,        5.000000,      107.000000
       -0.004058,        0.004057,        5.000000,      107.000000
       -0.004074,        0.004054,        5.000000,      107.000000
       -0.004128,        0.004051,        5.000000,      107.000000
       -0.004225,        0.004049,        5.000000,      107.000000
       -0.004365,        0.004046,        5.000000,      107.000000
       -0.004549,        0.004043,        5.000000,      107.000000
       -0.004775,        0.004040,        5.000000,      107.000000
       -0.005042,        0.004038,        5.000000,      107.000000
       -0.005352,        0.004035,        5.000000,      107.000000
       -0.005698,        0.004033,        5.000000,      107.000000
       -0.006076,        0.004031,        5.000000,      107.000000
       -0.006484,        0.004029,        5.000000,      107.000000
       -0.006917,        0.004027,        5.000000,      107.000000
       -0.007374,        0.004026,        5.000000,      107.000000
       -0.007852,        0.004024,        5.000000,      107.000000
       -0.008349,        0.004023,        5.000000,      107.000000
       -0.008859,        0.004022,        5.000000,      107.000000
       -0.009378,        0.004021,        5.000000,      107.000000
       -0.009903,        0.004021,        5.000000,      107.000000
       -0.010428,        0.004021,        5.000000,      107.000000
       -0.010950,        0.004021,        5.000000,      107.000000
       -0.011464,        0.004021,        5.000000,      107.000000
       -0.011966,        0.004021,        5.000000,      107.000000
       -0.012454,        0.004022,        5.000000,      107.000000
       -0.012925,        0.004023,        5.000000,      107.000000
       -0.013377,        0.004025,        5.000000,      107.000000
       -0.013804,        0.004027,        5.000000,      107.000000
       -0.014206,        0.004029,        5.000000,      107.000000
       -0.014579,        0.004031,        5.000000,      107.000000
       -0.014923,        0.004033,        5.000000,      107.000000
       -0.015237,        0.004036,        5.000000,      107.000000
       -0.015519,        0.004039,        5.000000,      107.000000
       -0.015771,        0.004043,        5.000000,      107.000000
       -0.015988,        0.004046,        5.000000,      107.000000
       -0.016171,        0.004050,        5.000000,      107.000000
       -0.016319,        0.004053,        5.000000,      107.000000
       -0.016432,        0.004057,        5.000000,      107.000000
       -0.016511,        0.004061,        5.000000,      107.000000
       -0.016557,        0.004066,        5.000000,      107.000000
       -0.016569,        0.004070,        5.000000,      107.000000
       -0.016551,        0.004074,        5.000000,      107.000000
       -0.016503,        0.004078,        5.000000,      107.000000
       -0.016430,        0.004082,        5.000000,      107.000000
       -0.016334,        0.004086,        5.000000,      107.000000
       -0.016217,        0.004089,        5.000000,      107.000000
       -0.016080,        0.004093,        5.000000,      107.000000
       -0.015927,        0.004096,        5.000000,      107.000000
       -0.015762,        0.004099,        5.000000,      107.000000
       -0.015587,        0.004102,        5.000000,      107.000000
       -0.015404,        0.004104,        5.000000,      107.000000
       -0.015218,        0.004106,        5.000000,      107.000000
       -0.015031,        0.004108,        5.000000,      107.000000
       -0.014845,        0.004109,        5.000000,      107.000000
       -0.014663,        0.004110,        5.000000,      107.000000
       -0.014485,        0.004111,        5.000000,      107.000000
       -0.014312,        0.004111,        5.000000,      107.000000
       -0.014145,        0.004111,        5.000000,      107.000000
       -0.013984,        0.004111,        5.000000,      107.000000
       -0.013830,        0.004110,        5.000000,      107.000000
       -0.013682,        0.004109,        5.000000,      107.000000
       -0.013540,        0.004108,        5.000000,      107.000000
       -0.013402,        0.004106,        5.000000,      107.000000
       -0.013269,        0.004105,        5.000000,      107.000000
       -0.013141,        0.004103,        5.000000,      107.000000
       -0.013016,        0.004102,        5.000000,      107.000000
       -0.012894,        0.004100,        5.000000,      107.000000
       -0.012771,        0.004098,        5.000000,      107.000000
       -0.012646,        0.004096,        5.000000,      107.000000
       -0.012517,        0.004095,        5.000000,      107.000000
       -0.012382,        0.004093,        5.000000,      107.000000
       -0.012242,        0.004092,        5.000000,      107.000000
       -0.012095,        0.004091,        5.000000,      107.000000
       -0.011942,        0.004089,        5.000000,      107.000000
       -0.011781,        0.004089,        5.000000,      107.000000
       -0.011612,        0.004088,        5.000000,      107.000000
       -0.011431,        0.004087,        5.000000,      107.000000
       -0.011239,        0.004087,        5.000000,      107.000000
       -0.011035,        0.004086,        5.000000,      107.000000
       -0.010819,        0.004086,        5.000000,      107.000000
       -0.010588,        0.004086,        5.000000,      107.000000
       -0.010341,        0.004086,        5.000000,      107.000000
       -0.010081,        0.004086,        5.000000,      107.000000
       -0.009807,        0.004087,        5.000000,      107.000000
       -0.009519,        0.004087,        5.000000,      107.000000
       -0.009218,        0.004087,        5.000000,      107.000000
       -0.008905,        0.004087,        5.000000,      107.000000
       -0.008579,        0.004087,        5.000000,      107.000000
       -0.008246,        0.004087,        5.000000,      107.000000
       -0.007907,        0.004087,        5.000000,      107.000000
       -0.007564,        0.004086,        5.000000,      107.000000
       -0.007220,        0.004085,        5.000000,      107.000000
       -0.006879,        0.004085,        5.000000,      107.000000
       -0.006544,        0.004084,        5.000000,      107.000000
       -0.006218,        0.004082,        5.000000,      107.000000
       -0.005903,        0.004081,        5.000000,      107.000000
       -0.005601,        0.004079,        5.000000,      107.000000
       -0.005314,        0.004077,        5.000000,      107.000000
       -0.005040,        0.004075,        5.000000,      107.000000
       -0.004775,        0.004073,        5.000000,      107.000000
       -0.004516,        0.004071,        5.000000,      107.000000
       -0.004260,        0.004069,        5.000000,      107.000000
       -0.004003,        0.004068,        5.000000,      107.000000
