741009607.000000 -2605934.006 -3705064.203 4475183.249  4.6950056409e-04 -6.3400050277e-06  4.1803444000e-07 -4.5796711847e-06  6.8424213503e-04 -9.1295374040e-07 -7.0413764076e-06 -1.3093020595e-05  2.8219746087e-04
741009611.016564 -2605934.006 -3705064.203 4475183.249  1.0172386530e-03 -1.0417234163e-06 -4.2343643228e-06  5.0216963388e-07  8.0226745030e-04 -1.1245435908e-07 -8.5840193874e-06 -2.8049447755e-06 -1.7112447948e-04
741009612.164967 -2605934.006 -3705064.203 4475183.249  7.2523637928e-04 -2.3658547757e-06 -1.0939416215e-05  3.6271021301e-06  1.4769559477e-03 -3.6095297437e-06 -2.0367384272e-07 -8.2890054688e-06  3.9152965665e-04
741009610.383325 -2605934.006 -3705064.203 4475183.249  1.1712179837e-03  5.0090871683e-06 -1.6819739843e-08 -9.0298297971e-07  7.7329611610e-04  5.4708844460e-06  1.7818518453e-07 -6.2007771697e-06  2.7092774366e-04
741009627.000000 -2605857.415 -3705120.676 4475181.107 -2.0545753460e-04  2.1041463542e-06  8.9136269181e-07 -3.2981950616e-06  7.9316943768e-04 -6.5051455100e-06 -5.5644296662e-06 -1.1878975209e-05  1.0919289865e-03
741009630.942133 -2605857.415 -3705120.676 4475181.107  1.3311472892e-03  1.4963054272e-06  2.9666386503e-06  2.1436955080e-06 -3.5666418191e-04 -2.7036350396e-06 -5.0755181311e-06 -3.0874023734e-06  2.3192060548e-04
741009632.180828 -2605857.415 -3705120.676 4475181.107 -4.8508779607e-04 -3.2018038243e-06 -2.1399837825e-06 -9.2234638088e-07  1.2115024093e-03 -1.4248428070e-05 -3.4376473365e-06  1.2056032782e-05 -6.7146209671e-04
741009630.451713 -2605857.415 -3705120.676 4475181.107 -8.1359994231e-04  9.2702707624e-06 -1.7910333437e-06 -2.4513745924e-06  9.4849055334e-05 -1.2752945959e-05 -5.7793179902e-06 -6.0709039778e-06  1.1804546441e-04
741009647.000000 -2605783.583 -3705180.404 4475174.690  3.6600670424e-04  8.4036122423e-08  1.2441105784e-06  1.1963803578e-07  5.5569991482e-04  3.0959328257e-06 -4.5129113654e-06  8.4631413212e-07  6.8760076069e-04
741009650.866724 -2605783.583 -3705180.404 4475174.690  1.2234214846e-03 -7.6409215183e-07  6.4280291827e-08  1.1929027538e-06  1.4541477552e-03 -1.3449674680e-07  2.7889534026e-06  3.1215641693e-06  1.3471554042e-03
741009652.193074 -2605783.583 -3705180.404 4475174.690 -3.5259550855e-04  2.3419358244e-06 -1.2144720155e-05  1.4745662292e-06  1.2498914110e-03  6.7241009932e-06  2.9387777952e-06 -1.6210445802e-06  2.4469042280e-04
741009650.522408 -2605783.583 -3705180.404 4475174.690 -6.9605723716e-04 -2.6778457705e-06  1.6606104682e-06  2.9295541022e-06  1.5912118295e-03 -7.3013460036e-06 -6.5934609360e-07 -8.4468882564e-06  1.6122548649e-03
741009667.000000 -2605712.805 -3705243.148 4475164.025 -5.4492796110e-04 -1.4038971674e-06  6.6672264158e-07  3.5866723620e-06 -2.0027520663e-04 -4.8938228743e-06 -5.7706975543e-07 -7.7678112909e-06  1.1263941091e-03
741009670.790640 -2605712.805 -3705243.148 4475164.025  1.4226023612e-03  5.2254707491e-06 -7.5555325699e-06 -6.1217341407e-06  5.8047596163e-04  2.3996196677e-06 -3.2110788240e-06  5.2301875015e-06 -1.0943665912e-04
741009672.201691 -2605712.805 -3705243.148 4475164.025  4.9347676200e-04  5.6860107976e-06  4.7436450406e-06  2.1366672708e-06  8.8834580340e-04  2.8762197924e-06 -4.8969521496e-06  2.0001774748e-06  1.3743357018e-03
741009670.595047 -2605712.805 -3705243.148 4475164.025  1.0075671095e-03  2.0373619783e-06 -8.5880419809e-06 -2.4901446424e-06  2.9970821546e-04  3.0871827788e-06 -1.6744150917e-06  1.9305395793e-06 -1.4451671091e-05
741009687.000000 -2605645.369 -3705308.655 4475149.154 -3.9696578901e-04 -2.1276914841e-06 -1.2791354793e-06 -3.0715400718e-06  1.0783095521e-03 -1.1526098201e-06 -1.1812963387e-07  7.7939702019e-06  8.8541387038e-04
741009690.714148 -2605645.369 -3705308.655 4475149.154 -1.4710849200e-04 -1.1194006089e-05 -1.0977426751e-05 -1.3922817241e-06  8.1314346168e-04 -7.3445559870e-06 -1.5919093800e-06 -3.7611454938e-06  1.3299522547e-03
741009692.206659 -2605645.369 -3705308.655 4475149.154  1.5618012595e-03 -1.5067026818e-06  4.5148194073e-07 -7.0500859985e-06  1.4088489249e-03  1.3691117117e-06  2.0662965951e-06 -1.2451891252e-05  1.1283051602e-03
741009690.669166 -2605645.369 -3705308.655 4475149.154 -3.5835646806e-04 -1.5547490050e-06  3.3006415358e-07 -5.4414909107e-06  9.8046152124e-04 -1.2141408816e-05 -3.8906778106e-06  1.7970946349e-06  1.3364178597e-03
741009707.000000 -2605581.544 -3705376.660 4475130.136  1.6041336860e-03 -7.7210301244e-07 -1.4451715474e-06 -3.3396237788e-06  1.2045287984e-03 -1.0958548180e-05  3.9729235889e-06 -8.5159686215e-06  4.0844647938e-05
741009710.637537 -2605581.544 -3705376.660 4475130.136  1.4824887445e-04 -2.9822655909e-06 -4.7057902502e-06 -3.5399485110e-07  1.1234213507e-03 -2.6768330427e-06  3.5336344925e-06 -1.9380844972e-06  3.3443790608e-05
741009712.207968 -2605581.544 -3705376.660 4475130.136 -1.1482485144e-03 -8.7812059702e-07 -9.0799788201e-06 -7.2751940504e-07  1.3421423359e-03  3.0066985422e-06  5.6000739529e-07  6.1628768965e-06  1.8984468903e-03
741009710.744430 -2605581.544 -3705376.660 4475130.136  7.8691703299e-05 -5.5365661439e-06 -3.5338569410e-06 -3.6389530138e-06  1.1732970870e-03  5.3956139723e-06 -4.4282982799e-06 -1.4430273755e-05  2.1111302670e-03
741009727.000000 -2605521.588 -3705446.890 4475107.049 -2.3953941821e-05  1.6453796939e-06 -3.5993243976e-06  8.3990928062e-07  2.6154531659e-04 -2.9324192888e-06  1.2183427312e-06  4.7370675428e-06  3.6512859592e-04
741009730.561086 -2605521.588 -3705446.890 4475107.049  1.3103094408e-03 -1.9563783789e-06 -1.9174521802e-06 -2.9810812168e-06  5.6553406911e-04 -1.7366701001e-06 -3.1814583287e-06 -2.5486675407e-07  2.6431997837e-04
741009732.205580 -2605521.588 -3705446.890 4475107.049  5.2345826673e-04  3.5448916338e-06  1.3209984294e-06 -4.4665942411e-06  6.8534864547e-04  1.3856002829e-06 -8.6051426064e-07  3.3092029986e-06  4.9751088820e-04
741009730.820427 -2605521.588 -3705446.890 4475107.049  6.9825248777e-04  1.4108882276e-06  8.8658753421e-07 -1.6412832324e-06  4.7866538032e-04  2.2145451991e-06  2.2808130204e-07 -4.5604554988e-06  6.6746153436e-04
741009747.000000 -2605465.743 -3705519.062 4475079.985 -2.6232558680e-04  8.4143692135e-08 -8.1957883367e-06 -1.9677036130e-06  9.3700445367e-04 -6.6907787335e-06 -2.3481900897e-06 -2.7921050913e-06  8.3655048779e-04
741009750.485164 -2605465.743 -3705519.062 4475079.985  1.5388771401e-04 -6.4534643245e-06  1.9343168570e-06  2.7449745922e-06  7.0538941310e-04  9.9914359990e-06  2.0674248553e-06 -1.1942850942e-05  1.3930011916e-03
741009752.199605 -2605465.743 -3705519.062 4475079.985  9.1383472972e-04 -2.8402819618e-06  3.5958279260e-06 -2.5373290869e-06 -1.4906292301e-04  3.1829194709e-06 -4.0340012647e-06 -8.8891276086e-06  4.8403044190e-04
741009750.896822 -2605465.743 -3705519.062 4475079.985  1.5744938461e-04 -5.3584168996e-07 -6.8219827386e-07  5.3705529226e-06  1.4928256360e-03 -4.3224660728e-07 -2.8517400578e-06 -6.6458166256e-07 -6.6593323297e-05
741009767.000000 -2605414.233 -3705592.886 4475049.054 -1.1381864806e-04 -2.3176451745e-07 -2.5396190918e-06  2.3685184978e-06  5.2420139384e-04  9.4905798906e-06 -7.8964986269e-06 -6.0839893998e-06  7.8204010186e-04
741009770.410119 -2605414.233 -3705592.886 4475049.054  7.0037895872e-04  1.9550994630e-06 -2.5471642356e-06  2.3853072967e-06 -4.3481879642e-04 -1.1544514451e-06 -4.4626688019e-07 -1.0919159691e-05 -6.7384187142e-05
741009772.189947 -2605414.233 -3705592.886 4475049.054  1.1431870528e-05  5.1346975651e-06  3.5418104411e-06 -2.6626615665e-06 -3.8074012173e-04 -7.2936658317e-06  4.7541238064e-06 -1.1426888216e-06  1.5227184988e-03
741009770.973291 -2605414.233 -3705592.886 4475049.054  9.7596412613e-04  4.2855906083e-06  8.4170162843e-06 -2.0045954838e-06  1.7265628817e-03 -1.0470769696e-05 -7.7378475609e-07 -1.0579287601e-05  9.1973606899e-04
741009787.000000 -2605367.266 -3705668.064 4475014.379  5.0909506451e-04  4.2278048197e-06 -2.8483306434e-06 -4.5518609102e-06  1.2125374900e-03 -1.1536688320e-05 -1.1193901306e-06 -1.7972993934e-05  2.1449427535e-03
741009790.336300 -2605367.266 -3705668.064 4475014.379  1.0869039776e-03  8.8729462677e-06 -2.5163312933e-06 -2.4583712503e-06  9.6250695478e-04 -1.8625999595e-06 -1.0042037503e-06 -6.5396662428e-06  1.3851431528e-03
741009792.176651 -2605367.266 -3705668.064 4475014.379 -1.9510514402e-05  3.2411584782e-06 -6.4350671825e-07 -6.7135419964e-06  1.1794944083e-03 -1.3575937102e-05  7.5824151217e-06  9.0979468687e-06  8.1947450555e-04
741009791.049519 -2605367.266 -3705668.064 4475014.379  2.5812961135e-04  7.8437473963e-07 -1.9494419255e-06  2.5787184354e-06 -1.3674056774e-04  5.7328102106e-06  7.7498078352e-06  1.1114532705e-06  9.9208461897e-04
741009807.000000 -2605325.031 -3705744.294 4474976.102  1.3973863083e-03  4.0932283202e-06 -2.4774221049e-06 -7.8782825146e-07  1.5011872135e-04 -9.5653224711e-06 -2.8451540386e-06  3.0875550121e-06  1.4208781289e-03
741009810.264155 -2605325.031 -3705744.294 4474976.102  9.4532494657e-04 -3.0499288725e-06 -2.7023100027e-06  3.7726803765e-06  5.3762037268e-04 -1.0500822884e-05 -7.1917146291e-06  2.9964302782e-06  6.3288402082e-04
741009812.159752 -2605325.031 -3705744.294 4474976.102  7.3163283993e-04 -3.8364433034e-06  1.3104549631e-06  1.3668288011e-06 -1.3592925606e-04  8.1400013970e-06  8.9512515353e-06 -1.3379066180e-05  1.0008510988e-03
741009811.125265 -2605325.031 -3705744.294 4474976.102  5.8535770334e-04 -3.2371461198e-06 -3.5569516311e-06 -5.9928541937e-06  2.0366186667e-04 -5.1362623785e-06 -2.0734328214e-06 -6.5880997637e-06  5.9888714366e-04
741009827.000000 -2605287.698 -3705821.268 4474934.375  1.0635675058e-03 -2.8129559466e-06 -3.2476589061e-06  3.1412401480e-07  3.8437571237e-04  1.3505036731e-06  5.0730690631e-07 -1.4972714389e-06  8.7911464699e-04
741009830.194061 -2605287.698 -3705821.268 4474934.375  2.8193500911e-04  1.8317117427e-06 -1.2072901227e-05  3.3265650949e-07  8.3691780406e-05  5.0871330904e-06 -2.6871212280e-06  5.5197315820e-06  9.8082323549e-04
741009832.139315 -2605287.698 -3705821.268 4474934.375 -9.9013050816e-04 -1.5735950174e-06 -2.8106480242e-06  4.9021711178e-06  1.3571086005e-03 -1.2241796686e-05  5.0204480407e-07  9.3151776815e-07  3.8183125306e-04
741009831.200220 -2605287.698 -3705821.268 4474934.375 -8.6379204398e-05 -1.1722952229e-06 -1.7271406461e-06  4.2210957593e-06  1.3002671225e-03  1.1045635073e-06 -4.2934314849e-06  2.2469807407e-06  1.0641506625e-03
741009847.000000 -2605255.417 -3705898.677 4474889.366  1.0993544922e-03 -6.3195933940e-07 -3.7000651643e-06  1.0334896691e-06 -4.8059204102e-05  6.1266192741e-06  1.3359282223e-06  7.2759552244e-07  2.4587322666e-04
741009850.126445 -2605255.417 -3705898.677 4474889.366  1.0979398754e-03 -1.8249421112e-06 -2.2382319320e-06 -1.6424306657e-06  1.1921074460e-03  1.5654064676e-05 -6.6953683584e-06 -3.8644237786e-06  1.5036511445e-03
741009852.115280 -2605255.417 -3705898.677 4474889.366  8.2734564669e-04 -5.8529058645e-06 -3.6336200464e-06  7.7631012988e-07 -2.0264174089e-04 -4.9236842138e-06  6.1473569780e-06 -1.8303154837e-06  3.0370731840e-04
741009851.274158 -2605255.417 -3705898.677 4474889.366  6.3170105826e-04  1.2613400536e-06 -7.9593652864e-09 -5.1148121333e-07  7.6613501062e-04 -1.3319566908e-06  1.3481689344e-06 -8.9744324542e-06  2.0221794467e-04
741009867.000000 -2605228.318 -3705976.209 4474841.258  6.9256555152e-04 -5.7609547723e-06  1.3949977938e-06  3.4807754718e-06  2.9231364732e-04 -1.9823740989e-06 -6.6037020278e-06  1.4144349653e-06 -4.2974657061e-04
741009870.061818 -2605228.318 -3705976.209 4474841.258 -1.5220141578e-04 -1.5625173832e-06 -6.9886910525e-06  1.9111142624e-06  1.8182887598e-03 -3.2407626251e-06 -7.3926976216e-07 -3.3195861831e-06  1.6475180266e-03
741009872.087783 -2605228.318 -3705976.209 4474841.258  2.4552844122e-03 -3.1231202832e-08 -5.9321713874e-06  5.7269098714e-07  4.6070334150e-04 -6.6193073900e-06 -7.8426378266e-06  5.9908292512e-06  6.6753128109e-04
741009871.346833 -2605228.318 -3705976.209 4474841.258  9.0306831737e-04 -4.0935128974e-06 -4.4651626729e-08  1.2048174216e-06  7.4186854454e-04 -7.8146267257e-06  3.0323431938e-06 -3.1416290292e-06 -1.1305840824e-03
741009887.000000 -2605206.511 -3706053.551 4474790.243  9.0926339611e-04  2.0742727838e-06  1.2655368962e-06  6.2915039663e-06  6.9934579571e-04  2.2032720026e-06  4.1504517486e-06  4.7288949320e-06  1.8691252262e-04
741009890.000630 -2605206.511 -3706053.551 4474790.243  7.3956993358e-04  3.7109533867e-06 -3.1509072340e-06  8.4032112044e-06  8.3451890895e-04 -4.1453515070e-06 -2.8705201604e-06 -1.0450064906e-05  2.0776845949e-04
741009892.056853 -2605206.511 -3706053.551 4474790.243 -1.0997810507e-04 -7.6916631700e-06  1.1747908439e-07  6.2780284059e-06 -2.6698794255e-04  7.6368864428e-06 -1.2686351353e-05 -2.2571198048e-06  2.9924011136e-04
741009891.418046 -2605206.511 -3706053.551 4474790.243  9.5380092730e-04  1.1584666251e-06 -8.0288546585e-06 -4.4489745488e-07  1.3257248123e-04 -1.2636173731e-05  1.0999289168e-05  2.0078080785e-06  2.1111841812e-03
741009907.000000 -2605190.083 -3706130.393 4474736.527 -8.3778083859e-04  1.3438820812e-06  1.5845761594e-06 -5.1921913523e-06  1.1907954898e-03 -9.6770326706e-06  1.3770515059e-06 -1.3426670192e-05  8.4350110568e-04
741009909.943322 -2605190.083 -3706130.393 4474736.527  5.7723833253e-04 -4.7000796223e-06  4.2518495134e-06  5.7099171749e-07  1.3002219391e-03 -7.5829754799e-06 -9.6372161886e-06 -4.4041786032e-06  4.9446604106e-04
741009912.022538 -2605190.083 -3706130.393 4474736.527  4.7610863582e-04 -1.7662558676e-06  9.7852437356e-07 -3.5326980673e-06  2.4564075423e-03  1.7608481786e-06 -3.4800512226e-06  9.9326263753e-07  8.8537607462e-04
741009911.487594 -2605190.083 -3706130.393 4474736.527  9.5355060258e-04 -1.7910961519e-06 -3.5057139643e-06 -3.2232015806e-07  1.9977607788e-04  3.8861016348e-06  1.1828667307e-06  2.1117559498e-06  9.5046559984e-04
741009927.000000 -2605179.100 -3706206.425 4474680.327 -5.2657175836e-04 -1.1151976088e-07 -3.8586788057e-06  1.5236001425e-06  1.7536915757e-03 -6.9996432884e-06 -5.6633681757e-06 -6.8989557980e-07  1.1347220452e-03
741009929.890462 -2605179.100 -3706206.425 4474680.327  5.1334225672e-04 -6.0067397017e-07  3.2700221601e-06  2.0751280067e-06  4.0494895371e-04 -1.1821025184e-05 -7.8995355244e-06 -4.5618293589e-06  5.5636758696e-04
741009931.984887 -2605179.100 -3706206.425 4474680.327 -3.9258370049e-04 -1.2856292357e-06 -1.8037281130e-06 -1.0970812468e-05  9.8088172833e-04 -1.3261618371e-05 -5.6681417569e-06 -1.2501204583e-05  1.5424961436e-03
741009931.555265 -2605179.100 -3706206.425 4474680.327  2.4679971581e-04 -5.5138596799e-06 -9.5510160366e-06  5.4944825401e-06  3.9694678035e-04  3.3357309931e-06 -7.8278598150e-06 -2.0280759144e-06 -1.3454649657e-04
741009947.000000 -2605173.607 -3706281.341 4474621.868  5.6545390193e-04 -4.9124219273e-07 -2.7709533263e-06  1.0159332682e-06  9.8471199437e-04 -1.0215789861e-05  2.6451804804e-06 -2.6221141242e-06  6.4785387796e-04
741009949.842446 -2605173.607 -3706281.341 4474621.868  1.1609844238e-04 -2.3456969124e-06 -1.1306516735e-05  5.3023659357e-06  9.6208748246e-04 -8.0009872071e-06 -2.6815403551e-06 -1.1776277650e-05  9.8511383602e-04
741009951.943984 -2605173.607 -3706281.341 4474621.868  1.1998135499e-03  8.2047597430e-06  7.1434765057e-07 -2.3513827191e-06 -2.7150678303e-04  5.8402314008e-06  1.3701824806e-06 -1.5318756207e-06  1.6742526381e-03
741009951.620911 -2605173.607 -3706281.341 4474621.868  7.9729725249e-04 -4.5929739883e-06  3.1856282812e-07 -7.6227606427e-07  6.8434023480e-04 -7.4235035956e-06  1.0358483913e-06  5.6932531302e-06  7.6585650773e-05
741009967.000000 -2605173.626 -3706354.839 4474561.387  1.3418372545e-03 -3.2462320666e-06 -2.8298000925e-06 -4.1929170801e-06  1.2374456745e-03  7.8716731433e-08 -8.9821012957e-07 -6.0254478403e-06  7.1758314141e-05
741009969.799839 -2605173.626 -3706354.839 4474561.387 -4.7665139545e-04  4.5496147469e-06  7.0367326900e-06  2.3165620190e-06  2.7334158939e-04  7.2255829624e-06 -1.0643667679e-06  4.5777914124e-07  7.7719057541e-04
741009971.899957 -2605173.626 -3706354.839 4474561.387  8.8120272380e-04  1.2225796702e-06  5.3864032705e-07 -6.7956784376e-07  2.5731804725e-04 -1.3105006823e-06  7.1265750360e-07  1.0298776206e-06  6.1569218620e-04
741009971.684373 -2605173.626 -3706354.839 4474561.387 -1.6157627982e-04  7.3724204013e-06  1.7886912061e-06 -7.4647888207e-06  7.9700915217e-04 -6.8575697156e-06  4.1959960216e-06 -6.5317409561e-06  3.5321707422e-04
741009987.000000 -2605179.156 -3706426.623 4474499.126  8.7578903842e-04  1.5131133980e-06  1.3567643792e-06  1.2543736172e-06  1.7845668808e-03 -1.2538247053e-05 -3.6931725121e-06  3.1818338597e-06 -1.7878321721e-04
741009989.763025 -2605179.156 -3706426.623 4474499.126  6.8437771069e-04 -5.0799494018e-06  2.6574937327e-06 -6.5847320170e-06  4.8139417088e-04 -8.0347539003e-06 -2.4379976539e-06 -9.5401704292e-07  5.4254465412e-04
741009991.852798 -2605179.156 -3706426.623 4474499.126  8.2581091712e-05 -1.1928837053e-06  1.4674453424e-06 -2.6418243802e-06  1.0645656620e-03 -1.4403690645e-05 -6.5668847913e-06 -3.4819745236e-06  6.3743239649e-04
741009991.745464 -2605179.156 -3706426.623 4474499.126  1.0059684984e-03  2.2072036615e-06  5.5487728103e-06  5.7268950898e-06 -5.5084115594e-04  6.3810481493e-06 -2.1353979956e-06  8.2553724178e-06 -1.0804194448e-04
741010007.000000 -2605190.175 -3706496.404 4474435.336  1.2200410444e-03 -2.4158637255e-06 -9.2010180180e-09  1.2786550725e-07 -1.1395850231e-03 -2.0085959696e-06 -3.0857482481e-06 -7.8614141585e-06  2.9642654031e-04
741010009.732423 -2605190.175 -3706496.404 4474435.336  7.2557996895e-04 -3.6274156787e-07 -6.2677567961e-06  2.9564329389e-06  1.4252511316e-03 -1.2032063152e-05  3.5196772111e-06  4.8620319793e-06  8.1794432081e-04
741010011.802677 -2605190.175 -3706496.404 4474435.336 -1.0057202741e-03 -4.1504707940e-06 -2.6605299416e-06  4.2143869937e-06  1.5169141561e-03  3.4785807528e-06 -7.3464944564e-06  2.6994203253e-06  1.5190636559e-03
741010011.804066 -2605190.175 -3706496.404 4474435.336 -1.2201778387e-03 -3.4539514688e-06 -2.5964805357e-06  3.6548616595e-06  9.1419056645e-04 -5.0513495180e-06 -1.3478578962e-05 -3.1023552102e-06  9.5045645390e-04
741010027.000000 -2605206.639 -3706563.901 4474370.274  1.0083652166e-03 -4.8061388742e-07 -4.3677089164e-06 -7.6662200949e-07 -2.7258451300e-04 -5.3275884554e-06  1.8257029008e-06 -2.8976562191e-06  6.4241773910e-04
741010029.708320 -2605206.639 -3706563.901 4474370.274  4.2747610926e-05  3.0128455035e-07 -1.6869546852e-06 -6.0938724688e-07  4.6944608714e-04 -2.9403806306e-06 -1.8502491712e-06 -1.7343079841e-06  5.5098064255e-04
741010031.749681 -2605206.639 -3706563.901 4474370.274  3.1265823336e-04  3.8641546421e-06 -8.2155484818e-06 -1.2938071752e-06  7.1599401972e-04  5.6512350383e-06 -6.9717374330e-06  4.8064224784e-06 -5.6492388324e-04
741010031.860043 -2605206.639 -3706563.901 4474370.274  1.5943034227e-03  1.1697146655e-06 -2.3728330499e-06  1.0178357793e-06  2.5878528553e-04 -5.7360564838e-06 -1.1768068713e-06 -7.9167925181e-06 -1.6614354407e-04
741010047.000000 -2605228.482 -3706628.843 4474304.203  4.3795409884e-04 -1.1127470962e-07 -8.9080279841e-06  3.0803176884e-06  7.8087476848e-04  6.6012233252e-06  1.2835125222e-06 -1.9771805379e-06  7.7395706078e-04
741010049.691154 -2605228.482 -3706628.843 4474304.203  1.9932396142e-04  1.1477198386e-06 -2.6914050829e-06  1.5979789560e-06  1.3443670629e-04  1.2503272600e-06 -5.6001662518e-06 -4.6990020327e-06  6.8933285730e-04
741010051.693925 -2605228.482 -3706628.843 4474304.203  5.9136727595e-04  8.2024466744e-07  1.9760825078e-06  2.6306946136e-06 -6.6445065037e-05 -5.0892741928e-06  3.2019523874e-06 -1.2143933577e-05  1.0167813953e-03
741010051.913267 -2605228.482 -3706628.843 4474304.203  5.5265007125e-04 -9.5164322473e-06 -5.7694538621e-07 -3.5486117979e-06 -1.0380826613e-04 -5.8238340102e-06 -6.1318603627e-06  5.7075342928e-06  2.5004075407e-04
741010067.000000 -2605255.616 -3706690.967 4474237.388 -4.3652209924e-04 -3.2747655679e-06 -5.7919633211e-06 -6.0874392672e-07  5.2085789648e-04 -6.0939388771e-06 -3.9246411741e-06 -3.7024738908e-06  3.2845159648e-04
741010069.680988 -2605255.616 -3706690.967 4474237.388 -1.6211697976e-04  3.4575773984e-06  3.1946289677e-06 -2.4503702429e-08  7.9201303985e-04 -9.6405071995e-06  2.0745099924e-06 -1.9817550888e-06  6.0779027511e-04
741010071.635506 -2605255.616 -3706690.967 4474237.388 -1.7864635159e-03  3.7740108309e-06 -9.6946321017e-06  2.8044650916e-07 -6.0514132512e-05  6.7586987597e-06  1.2101457849e-06  2.1439356627e-06  1.2298959666e-03
741010071.963621 -2605255.616 -3706690.967 4474237.388  2.4808050072e-04 -3.3786752735e-06 -1.5186674893e-06  1.0193176335e-06  7.5728219951e-04  2.6493513138e-06  2.4263777857e-06 -1.2113990129e-06  1.1001754690e-03
741010087.000000 -2605287.931 -3706750.024 4474170.098  4.8808774302e-04  4.0368076046e-06 -1.7252762793e-06 -4.0654908764e-07  1.4514698472e-03  2.4129953736e-06 -6.3681769184e-06 -7.3267113267e-06  9.7328697664e-04
741010089.678033 -2605287.931 -3706750.024 4474170.098  7.5727338560e-04 -3.8762599108e-06 -4.0006096121e-06  6.4671360426e-06  2.0910065905e-03 -1.1978391049e-06 -1.8922278115e-06 -2.7669257401e-06  8.1320694583e-04
741010091.574581 -2605287.931 -3706750.024 4474170.098  2.2459009140e-04 -3.1561107834e-06  7.9749731501e-07  2.8784757350e-06  1.4139896870e-03  6.3925260647e-06 -1.8061062914e-06 -1.0562802998e-05 -6.1819929848e-04
741010092.011027 -2605287.931 -3706750.024 4474170.098  8.7373906285e-04 -2.7280396432e-06  4.2660050568e-06 -7.8401423582e-06  8.5201141591e-04  3.3065714974e-06 -1.0481178563e-06 -3.2274126251e-06  1.1975308149e-03
741010107.000000 -2605325.298 -3706805.776 4474102.604 -1.8189521835e-04 -5.4260557954e-06  3.8048287394e-06 -4.6160055119e-06 -8.6377337182e-04  3.1213003380e-06 -7.6328552962e-06 -4.0141006335e-06  1.3653359537e-04
741010109.682309 -2605325.298 -3706805.776 4474102.604  5.5013366803e-04 -4.4213115524e-09  1.0281709478e-06  3.4365027803e-06  8.8288792605e-04 -1.6140951606e-05 -5.0649918243e-07 -1.2717262046e-05  5.5059946201e-04
741010111.511295 -2605325.298 -3706805.776 4474102.604  1.4945061574e-03  2.1594603351e-07 -4.6962212069e-06 -2.5036595776e-06  5.3750545297e-04 -5.7131080555e-06 -2.1848791564e-06  5.4950666372e-06  2.9353757152e-04
741010112.055354 -2605325.298 -3706805.776 4474102.604  1.4307095541e-04  6.5832205050e-07 -3.2711223404e-06  7.8231604891e-07  7.9741184111e-04 -1.1525177798e-06 -3.1852403222e-06 -1.4626475042e-06  1.6710630588e-03
741010127.000000 -2605367.565 -3706857.999 4474035.178  1.0414608828e-03 -6.1142568378e-06 -1.2938331297e-05 -2.6297503571e-06  5.4408061511e-04 -6.9425804489e-06  4.4488805397e-06 -5.7355265883e-07  3.2587747254e-04
741010129.693754 -2605367.565 -3706857.999 4474035.178  4.7337158391e-04 -1.1052891247e-06 -1.6828886889e-06 -3.2309785917e-06 -9.3268654208e-05 -3.2383761879e-06 -6.6494936450e-06 -4.5575961008e-06  2.1164392037e-03
741010131.445782 -2605367.565 -3706857.999 4474035.178  3.6050727042e-04 -1.6845131490e-06 -3.4464663495e-06  6.4479708172e-06  8.0203612693e-04  4.6004467353e-06 -2.0049241365e-06 -3.6379330071e-06  6.8424680329e-04
741010132.096516 -2605367.565 -3706857.999 4474035.178  3.6750306334e-04  7.4284483463e-07  1.3815586692e-06 -8.4877257650e-07  1.5214795182e-03  1.3308481450e-06 -2.6451815988e-06 -3.2403754478e-06 -3.4230343685e-04
741010147.000000 -2605414.563 -3706906.481 4473968.092  9.0986895281e-04  1.2627629798e-07  8.1904573498e-06  4.3746599402e-07 -8.1387323126e-05  8.6573295853e-06  2.3812750506e-07  6.3411905039e-06  7.8207345487e-04
741010149.712219 -2605414.563 -3706906.481 4473968.092  7.9480783143e-04 -3.3575770125e-06 -4.6447417498e-07 -2.2386856696e-06 -2.4981093240e-04 -9.5464227956e-06 -2.1436870212e-06 -1.0351430184e-05  1.7332909389e-04
741010151.378220 -2605414.563 -3706906.481 4473968.092  8.1132149630e-04  5.1133824356e-06 -3.6862769076e-07  5.3960545897e-08  4.5210888134e-04 -5.4179950748e-06  1.9240468127e-06  4.8149406432e-06 -1.3320820273e-04
741010152.134475 -2605414.563 -3706906.481 4473968.092  2.0335678707e-04 -3.3045389290e-06  2.6466639862e-06 -2.9426242160e-06  1.2032265941e-03  4.9304003162e-06 -1.3796379708e-05  1.0029535728e-06 -2.5399855234e-05
741010167.000000 -2605466.103 -3706951.029 4473901.615  8.8267364651e-04  4.3350344983e-06 -2.6911132883e-06  2.7035626762e-06  1.9464610121e-03 -1.3835134216e-06  1.9752587290e-06 -8.5279560454e-06  2.7997190088e-04
741010169.737480 -2605466.103 -3706951.029 4473901.615  1.3622841351e-03  1.9033379647e-06  6.9044878819e-07  3.1967066974e-06  1.9646306322e-03  3.3750780055e-06 -4.6687719029e-06  3.2655643569e-06  4.1072617078e-04
741010171.308769 -2605466.103 -3706951.029 4473901.615  1.4145133900e-03  1.0393985728e-06  7.0256181682e-09 -7.4740282065e-06  1.4856938587e-03 -5.2324963595e-06 -5.3421349036e-06 -1.7064077646e-06  5.6083879424e-04
741010172.169127 -2605466.103 -3706951.029 4473901.615 -1.6004419054e-05 -2.5487493874e-06 -7.2033322367e-06  8.4133359542e-08  2.4404544597e-04  6.5892498022e-07 -2.7388527605e-06 -2.7886035415e-06  1.6550045750e-03
741010187.000000 -2605521.976 -3706991.462 4473836.015  4.1643517529e-04 -4.1147285669e-06  5.5281914788e-06 -7.7227843881e-06  2.2925957179e-03 -6.2685735692e-06 -4.5454547817e-06  2.7687056010e-06  4.3736909648e-04
741010189.769249 -2605521.976 -3706991.462 4473836.015 -5.0311257243e-05 -3.7995913744e-06 -9.4974536668e-06  4.2964479507e-06 -7.4618994932e-05 -4.0630816256e-06 -8.3825165811e-07 -1.6190508741e-05  5.0128309844e-04
741010191.237612 -2605521.976 -3706991.462 4473836.015  2.0069453356e-04 -6.1387648390e-06 -4.4169043279e-06 -2.6549531284e-06  1.5359060526e-03  2.0986744716e-06 -2.9341474947e-06 -2.5305662250e-06  1.1743322286e-03
741010192.200401 -2605521.976 -3706991.462 4473836.015 -8.8339118619e-05 -1.2432908769e-06 -4.2893106578e-06  1.1268059089e-06 -8.5693316072e-04 -3.0776142101e-06  3.5447428333e-07 -6.4486519850e-06  1.0401167872e-03
741010207.000000 -2605581.958 -3707027.617 4473771.557 -8.0067689032e-04 -3.7621431229e-06 -2.3528409252e-06 -2.0126629473e-06  4.0104963664e-04 -1.1207801446e-05  4.0122066167e-06 -8.4380296388e-07  1.5118180743e-03
741010209.807170 -2605581.958 -3707027.617 4473771.557  9.2165351688e-04 -4.5655195625e-06 -9.1942853945e-07  9.1543241233e-07  1.2561973366e-03 -6.4363885400e-06  6.7674557320e-07  1.9913135501e-06 -7.4652306054e-05
741010211.164972 -2605581.958 -3707027.617 4473771.557  9.6003626529e-04  2.5764842297e-06  5.9313210469e-06 -1.3037409736e-06  9.9353907741e-04 -7.4836305822e-06 -4.3820612919e-07  2.5102112313e-06 -1.1009552576e-04
741010212.228208 -2605581.958 -3707027.617 4473771.557  3.2837033898e-04 -1.2987385637e-06 -6.1843453090e-06 -3.1971938856e-07 -8.9315032388e-05 -8.6577382081e-06 -4.2267071859e-06  8.5636311797e-06 -2.5897144162e-04
741010227.000000 -2605645.808 -3707059.350 4473708.500  1.4464566094e-04  1.2945190742e-06  1.2403791170e-06 -6.7319009893e-06  8.5866430189e-04 -3.8578565169e-06 -3.0379804382e-06 -9.8480022713e-07  1.9208535584e-03
741010229.850792 -2605645.808 -3707059.350 4473708.500 -5.5931771719e-04 -2.8326049904e-06 -1.4755293496e-06 -4.1310141044e-06  1.0529459486e-03 -5.2159589257e-06 -4.6076270464e-07 -1.2619545178e-06  3.2582782243e-05
741010231.091036 -2605645.808 -3707059.350 4473708.500  4.3448438205e-04 -3.3344481512e-06 -9.8369763686e-07 -1.0066810323e-06  2.5041792282e-04 -5.2010665295e-06  3.6035912968e-06 -5.1574718917e-07  4.3994767630e-04
741010232.252562 -2605645.808 -3707059.350 4473708.500  3.2729165180e-03  1.9479691822e-06 -6.3407795107e-06 -3.2694310610e-07 -6.3374901653e-05  4.5324452100e-06  6.0258742453e-06 -1.6560268198e-05  1.4975529233e-03
741010247.000000 -2605713.268 -3707086.532 4473647.098  1.8912253488e-03 -1.3052702648e-07 -4.3097087063e-07 -3.2108368515e-06 -1.0354378925e-04  4.2938176726e-06 -1.9823885606e-06 -6.0705509818e-06  1.2049415273e-04
741010249.899722 -2605713.268 -3707086.532 4473647.098  6.1964556726e-04 -2.6977751764e-06 -2.2005056496e-06  1.7999240736e-06  5.8564514417e-04 -8.4035165511e-06 -3.5091310564e-06 -1.9661986630e-06  8.3853298150e-04
741010251.016069 -2605713.268 -3707086.532 4473647.098  1.4702475108e-03 -4.5617380657e-07 -1.0100477169e-06 -4.5738965829e-07 -1.1924650384e-04 -8.1952515932e-06 -2.6358105929e-08 -5.7075674162e-06  5.3384028189e-04
741010252.273405 -2605713.268 -3707086.532 4473647.098  1.5180381231e-03 -4.0487970281e-06 -7.6500865872e-06 -1.2283338060e-06 -6.9804469226e-04 -1.7758191481e-06 -7.3009629678e-06 -1.5331370231e-05  9.7828373836e-04
741010267.000000 -2605784.067 -3707109.054 4473587.598 -4.1415571404e-04  2.6885559221e-06 -6.2594476526e-06  6.0513874333e-06  2.3087261305e-04 -8.5685098317e-06 -7.8204430601e-06  9.1857286965e-06 -2.6932922788e-04
741010269.953414 -2605784.067 -3707109.054 4473587.598  1.1284788369e-03 -1.0476273238e-06 -2.7966757987e-06 -2.4244102141e-06  7.2324284722e-04  4.7210380821e-07 -2.7735028381e-06 -5.0164983631e-06  4.8944640314e-04
741010270.940270 -2605784.067 -3707109.054 4473587.598  2.0069299290e-04  2.4745782062e-07 -4.4658023399e-06  6.2719966785e-07  1.1792639888e-03 -7.7586958799e-06 -5.0121938674e-06 -3.8111457125e-06 -1.1694968921e-06
741010272.290664 -2605784.067 -3707109.054 4473587.598  5.1063960822e-04  1.1528744558e-06 -1.9620690205e-07  1.6900168447e-06  2.8074586340e-04 -4.4247906626e-06 -4.3063901812e-06  4.0915677082e-06  1.2222086359e-03
741010287.000000 -2605857.919 -3707126.825 4473530.239 -7.8207733511e-04 -1.2981861947e-06 -6.0721999780e-06 -9.2402021433e-07  4.3153859343e-04 -4.7761160956e-06  7.1034899642e-07 -2.1714728663e-07 -1.5015277096e-04
741010290.011467 -2605857.919 -3707126.825 4473530.239  7.4606141912e-04  3.1331012303e-06 -5.8913957321e-07 -3.5336907827e-06 -4.6489916308e-04 -1.0306763314e-05 -1.4072306017e-06 -3.2535543404e-06 -6.4479974523e-05
741010290.863934 -2605857.919 -3707126.825 4473530.239  9.6393224618e-04 -4.7648663946e-06 -1.9633835158e-06 -1.2178470240e-06  1.3630931665e-04 -1.1290499628e-06 -3.7790820741e-06 -5.9499668738e-06  1.2316584130e-03
741010292.304291 -2605857.919 -3707126.825 4473530.239 -3.4871113295e-05  3.8330893244e-06 -6.2537362735e-07  1.9444990632e-06  2.5392223789e-04 -4.4417735836e-06 -1.4424976343e-06  1.3121141662e-06 -2.4542141947e-04
741010307.000000 -2605934.527 -3707139.774 4473475.254  3.7962239121e-04  7.3963047479e-07 -4.3709920986e-06 -2.5323920246e-06  1.5581381114e-03 -6.8851354028e-06 -3.3251003406e-06  2.6789380352e-06 -1.6126947466e-04
741010310.073327 -2605934.527 -3707139.774 4473475.254  1.0220633880e-03  1.9270770591e-06 -5.6752608578e-06 -1.0802553471e-06  1.0923923689e-03 -3.3095096810e-07  1.7641509277e-06 -3.2053374823e-08  1.2435213487e-03
741010310.787375 -2605934.527 -3707139.774 4473475.254  2.0199802729e-04 -6.0261843296e-06 -5.2703680680e-06  7.9237286135e-06  8.3705421911e-04 -5.3016099308e-06 -3.8106966911e-07  3.4828124915e-06  4.8596236229e-04
741010312.314347 -2605934.527 -3707139.774 4473475.254  4.2795378484e-04 -1.1578470502e-07  6.7335012212e-07  3.1091709003e-06 -1.8771648040e-04 -8.0745883470e-06  7.5880706644e-06 -6.6649128697e-06  3.1435302021e-04
741010327.000000 -2606013.584 -3707147.849 4473422.862  4.5588882279e-04 -3.1993826861e-06 -8.0542270402e-07 -5.1745322493e-07  2.1353973301e-04 -9.6063725171e-06 -7.5306401842e-06 -4.2875524207e-06  4.6200402655e-04
741010330.138540 -2606013.584 -3707147.849 4473422.862  7.9924384366e-04  4.9017992963e-07 -8.7332951226e-06 -6.4536283167e-07  1.7975772718e-03 -1.4387509453e-05 -1.9281493673e-06 -2.5918952205e-06  1.4568605244e-03
741010330.710821 -2606013.584 -3707147.849 4473422.862 -6.9274731125e-05 -4.2336972070e-06 -1.0176938489e-05  2.5245522054e-06  1.9216573142e-03  2.2724736809e-06 -1.7197627913e-06  1.7249992719e-06  1.6993127063e-04
741010332.320754 -2606013.584 -3707147.849 4473422.862  2.7170296385e-04  1.5443776541e-06  1.3477339197e-06  1.8105273941e-06  5.6311651067e-04 -6.6462208341e-08 -8.0950484285e-06 -3.6885008492e-06 -3.5473940223e-04
741010347.000000 -2606094.769 -3707151.016 4473373.275  1.4789156258e-03 -2.9783743112e-06  2.5649930889e-06  1.9530645995e-06  1.2389334698e-04 -4.3930181390e-06 -1.4111419599e-06  1.3707525329e-05 -9.5311034459e-05
741010350.206649 -2606094.769 -3707151.016 4473373.275  3.0273026008e-04  5.3842589906e-08 -4.5609612680e-06  3.5361397322e-06  5.8054236191e-04  8.8413203393e-07 -1.0379386440e-05 -9.4912270152e-06  2.7456388196e-05
741010350.634627 -2606094.769 -3707151.016 4473373.275  7.4957580262e-04 -6.3087328118e-07 -2.9675657219e-06 -4.5899990207e-06  1.4947850969e-03 -9.5510778280e-06  6.0201136731e-06 -9.2037952117e-07  2.6194892637e-04
741010352.323509 -2606094.769 -3707151.016 4473373.275  1.7024153194e-05 -1.9237899408e-06 -6.8996779481e-06 -3.3078013917e-06 -1.2974715057e-03 -8.2975193847e-06 -5.0980035880e-07  6.1574959753e-07 -5.4434001329e-04
741010367.000000 -2606177.757 -3707149.264 4473326.693  1.3745485486e-03  4.0557977824e-06 -5.2249089646e-07  2.5979739286e-06  1.9587032819e-04 -7.3181333244e-06  1.0182941464e-06 -5.1461028089e-06  1.3380006356e-03
741010370.277130 -2606177.757 -3707149.264 4473326.693  4.3974288772e-04 -2.8144272045e-06  6.0775657555e-07 -1.8842693646e-07  1.1314599683e-03 -6.4510963305e-06 -4.2006782749e-06 -3.1571969283e-06  5.5269115787e-04
741010370.559169 -2606177.757 -3707149.264 4473326.693 -1.8098059007e-04 -1.6724011649e-06  8.1708486468e-06 -3.3007092074e-06  1.0796996867e-03 -8.3895659492e-08 -2.4557988126e-06 -1.0537512907e-05  4.4598945299e-04
741010372.322605 -2606177.757 -3707149.264 4473326.693  8.0420348494e-05  7.3725272410e-06 -2.5871675721e-07  3.7398782128e-06  3.8773293120e-05 -1.3643658235e-05 -3.3417816247e-07 -5.4059341737e-06  1.1914733868e-03
741010387.000000 -2606262.213 -3707142.598 4473283.304 -3.2745435141e-04  2.0974049315e-06 -1.5339448127e-06  7.4630596776e-08  1.0149233000e-03 -1.2014300405e-05  7.6635624929e-07 -2.1585495020e-06  1.1527750095e-04
741010390.349617 -2606262.213 -3707142.598 4473283.304  1.0992328138e-03 -5.2407337219e-09  7.2235803037e-07 -5.7389712122e-06 -3.7483664293e-04 -5.5530912995e-06 -2.8292092133e-07 -2.5233687495e-06  1.1242622110e-03
741010390.484752 -2606262.213 -3707142.598 4473283.304  1.7241227069e-03 -1.3431195004e-06 -1.7330891012e-06 -6.3667654672e-06  8.1916008605e-04 -4.4418446124e-06  5.1819014207e-07 -9.2583835888e-06  5.8329196931e-04
741010392.318045 -2606262.213 -3707142.598 4473283.304  1.0046496917e-03 -1.5962254615e-06 -8.3427119761e-07  4.7600179812e-06  2.6762351305e-03  7.3232985717e-06  1.8326195863e-06 -6.7134257884e-06  1.0338718559e-03
741010407.000000 -2606347.798 -3707131.048 4473243.281  2.0165420375e-04  4.9906491574e-06  1.4183942688e-06 -2.7365545094e-07  6.4840502097e-04 -6.3232744426e-06 -1.8887985976e-06 -1.0966784729e-06 -8.6940835059e-05
741010410.423695 -2606347.798 -3707131.048 4473243.281 -8.3725853641e-04 -3.1754704833e-07  4.9691170180e-06  1.9916713283e-06 -1.9448830978e-04  1.4999220237e-06  5.9332317151e-06 -4.5006049051e-06  7.3771216671e-04
741010410.411806 -2606347.798 -3707131.048 4473243.281  9.3487573251e-04 -2.8151205655e-06  7.5409382556e-06 -3.4729496301e-06 -3.8309936518e-04 -6.7885829047e-06 -6.8088907725e-06  8.5418572141e-07  1.1828250772e-03
741010412.309818 -2606347.798 -3707131.048 4473243.281  5.9696645232e-04  2.1211186033e-06 -3.2483960441e-06  7.5430686137e-07  1.0608167404e-03 -9.2566877310e-07 -3.6126981122e-06 -8.0142328219e-07  9.7149922167e-04
741010427.000000 -2606434.166 -3707114.657 4473206.786  5.5632297059e-04 -3.3632166623e-06 -2.2477661493e-06 -2.1632945477e-06  8.6657684028e-04 -2.5389451922e-06 -2.5794899610e-07 -7.7322353516e-06  9.4865024424e-04
741010430.498925 -2606434.166 -3707114.657 4473206.786  6.6275230408e-04 -6.2290508041e-07 -1.4609975938e-06 -3.6558142757e-07  1.0947834004e-04 -4.0202593803e-06  3.0983648657e-06 -1.6429886181e-06 -1.9542197224e-05
741010430.340723 -2606434.166 -3707114.657 4473206.786 -5.4146608758e-04 -3.6089737554e-06 -8.2743019866e-06 -1.7602405168e-06  1.1150704837e-03 -7.8633058522e-06 -6.1921177442e-06 -8.5170839269e-06  7.2870289402e-05
741010432.297982 -2606434.166 -3707114.657 4473206.786 -2.8621467341e-04 -4.1700080557e-06 -1.9955686233e-06  3.2896198922e-06  5.8616984892e-04 -8.7310130494e-06 -1.8733926013e-07 -7.6581797008e-06 -2.9768042165e-04
741010447.000000 -2606520.970 -3707093.494 4473173.967 -7.8202956906e-05 -1.0879836855e-07 -2.8781437034e-06  1.5736935458e-06  7.2726313913e-05 -1.3805112221e-05 -3.7824840321e-06  2.4364218045e-07  1.8130655448e-03
741010450.574960 -2606520.970 -3707093.494 4473173.967  6.0663767743e-04  4.0444253078e-06 -3.7599510542e-07 -4.8474716821e-07  7.2272969686e-04  2.3910134802e-06  1.8287063750e-06 -1.1927099981e-05 -5.4303226333e-05
741010450.271968 -2606520.970 -3707093.494 4473173.967  4.2324083648e-04 -4.4011914445e-06 -1.3705867118e-06  2.8555121304e-06  1.2018200181e-03 -9.5530441590e-06 -1.1338714020e-05 -7.8414361154e-06  1.1310536502e-03
741010452.282541 -2606520.970 -3707093.494 4473173.967  1.2704910397e-03  7.3279445184e-06  2.1043957693e-07  4.5175764320e-06  6.7774965941e-04  1.5572615948e-06  2.6828538212e-06  1.4094032387e-06  9.2254307989e-04
741010467.000000 -2606607.861 -3707067.642 4473144.955  1.1592011137e-03  3.1453418017e-06  5.4329849843e-06  5.7029667572e-06  9.3612731786e-04 -1.1606902802e-05 -1.3877042093e-05 -6.2294556548e-06 -1.1703946777e-04
741010470.651456 -2606607.861 -3707067.642 4473144.955  3.7352935093e-04 -5.6295810249e-06 -1.0711259437e-05 -2.7641656200e-06  1.2532453559e-03 -1.0270144134e-05 -7.7231205546e-06 -1.0392297974e-05  1.5542017026e-03
741010470.205933 -2606607.861 -3707067.642 4473144.955  1.6415900776e-03 -2.4957246764e-06 -5.2014839066e-08  1.0249475223e-06  2.4719499368e-04  1.3376259039e-06 -1.8984959744e-06 -4.7969014594e-06  8.1135073047e-05
741010472.263518 -2606607.861 -3707067.642 4473144.955 -7.2427709232e-05  2.5544562196e-06 -7.6511702688e-07 -2.4540962391e-06  1.2082420744e-03 -6.0688772192e-06  1.6542161502e-07  2.4416636078e-06  1.2493156791e-03
741010487.000000 -2606694.487 -3707037.206 4473119.867  1.4953904505e-03 -7.5108813128e-06 -9.5184534630e-06 -6.9491763892e-06 -9.0496357521e-04 -8.2940991589e-06  1.0943817497e-06  7.5071477562e-07  7.7404065259e-04
741010490.728075 -2606694.487 -3707037.206 4473119.867  3.0111251902e-04 -4.3442638089e-07 -1.1579476114e-05 -1.5709241441e-06 -4.5762880449e-04  1.4111276397e-05 -2.2339083111e-06  3.3503147978e-06 -2.5732638733e-04
741010490.143112 -2606694.487 -3707037.206 4473119.867  1.5044716846e-03 -3.3876580431e-06  5.7138257094e-06  4.1516863638e-06  1.1343339858e-04 -1.5226096842e-05 -7.3037581892e-07  6.0283799602e-06  3.3368629157e-06
741010492.240939 -2606694.487 -3707037.206 4473119.867  3.8664239746e-04 -2.7002075657e-06 -8.5041453502e-06 -4.4845272591e-07  1.9479861282e-03 -3.9517724191e-07 -1.8318498030e-06 -1.8998366433e-06  6.0073215983e-04
741010507.000000 -2606780.502 -3707002.309 4473098.804  1.1409728749e-03  4.8510342868e-06 -1.6584226502e-05 -8.9751825396e-07  9.9931334086e-04 -6.4417301167e-06 -3.8834101468e-06  2.6051758141e-06  1.4650311993e-04
741010510.804520 -2606780.502 -3707002.309 4473098.804  8.0896207854e-04  1.8251511232e-07 -4.3389121217e-06 -1.5309580269e-06  6.3189802808e-04  9.0749035211e-06  2.9501984424e-07  2.7511831777e-06  6.9120151733e-04
741010510.084030 -2606780.502 -3707002.309 4473098.804  1.2062224136e-03  1.5058496524e-06 -4.1515953402e-06  2.2138991389e-07  9.3587157239e-04 -4.7459597544e-07 -7.6470038150e-06 -6.0260391415e-06  3.2631036727e-04
741010512.214838 -2606780.502 -3707002.309 4473098.804 -1.5022448687e-04 -1.4078526729e-06 -3.8145611329e-06 -3.6421162890e-06  7.6618916347e-04  1.2615459294e-06 -5.9988540061e-06  1.8808636564e-06  2.5434425659e-05
741010527.000000 -2606865.557 -3706963.090 4473081.851  1.1163882542e-03 -5.5980632825e-06 -1.9560611709e-06 -4.3502593761e-06  8.3085652441e-04 -6.3747190775e-06 -4.2862928470e-06  9.0396000885e-06  1.0811428935e-03
741010530.880477 -2606865.557 -3706963.090 4473081.851  5.1868666131e-04  1.3910417189e-06 -6.4495287143e-06 -7.9210641951e-07  1.0449867045e-03 -6.5546695817e-07  3.6166215117e-06  3.3441007045e-06 -1.0902121202e-04
741010530.029113 -2606865.557 -3706963.090 4473081.851  2.1870857623e-03  1.8601172557e-06  5.3848721980e-06 -8.1991253787e-07  9.4315001688e-05  6.5436062730e-06 -4.0338454288e-06 -4.8064945548e-06  5.8895337886e-04
741010532.185311 -2606865.557 -3706963.090 4473081.851  3.7183329427e-04 -2.5176617954e-06 -7.0170935215e-06 -9.5624116939e-07  2.6741725653e-04 -4.7153095058e-06  3.3801311225e-06  1.1084595204e-06 -3.0596584607e-04
741010547.000000 -2606949.312 -3706919.709 4473069.076 -8.0785596412e-04  2.2043613359e-06 -5.7570796197e-06 -4.8164791303e-06  2.2616732247e-04 -1.6975128844e-07 -1.6152289383e-06 -1.4946271979e-06  2.2876975438e-03
741010550.955732 -2606949.312 -3706919.709 4473069.076  1.2125061841e-04  2.8406518123e-06 -5.6701105050e-07  7.5669166802e-07  9.9598289705e-04  6.0458736792e-06 -3.4679519366e-06 -8.3321478611e-06  4.7269143270e-04
741010549.978851 -2606949.312 -3706919.709 4473069.076  3.9262869773e-04  2.0636852038e-06 -1.0882486164e-05 -3.0583912826e-06  1.4815482570e-03 -7.3545937422e-06  2.6770723867e-06 -6.5625789728e-06  1.1935125463e-04
741010552.152371 -2606949.312 -3706919.709 4473069.076 -2.9855428868e-04 -8.5317458469e-07 -3.9195579433e-06 -2.6727115394e-06  1.0294822359e-03 -1.3214403319e-06 -1.3404112572e-06 -1.0800505801e-05  5.3922649186e-04
741010567.000000 -2607031.428 -3706872.339 4473060.531 -1.1274002521e-04  1.9459438350e-06 -3.8079968883e-06 -4.0345887159e-06  4.3476160069e-04  7.4356659926e-06 -2.8994354585e-06 -8.1467531909e-06 -8.0924715014e-04
741010571.029978 -2607031.428 -3706872.339 4473060.531  2.9655764644e-04  2.5068853135e-06  5.8508401289e-07 -2.1124365748e-06  1.6523178401e-03  3.8013093042e-07  4.0300559719e-06  1.3133721253e-06  1.1215761467e-04
741010569.933788 -2607031.428 -3706872.339 4473060.531 -2.4131016639e-04  2.0104845286e-06 -3.0472404656e-06  7.0376113043e-07  5.1926546375e-04 -5.0547507141e-06 -7.8899172078e-06  8.3899170496e-06  1.8553038690e-03
741010572.116061 -2607031.428 -3706872.339 4473060.531 -1.0692149336e-03  4.0823684147e-07  1.9111432793e-06  2.8045662203e-06 -5.3017444487e-04  9.1074880004e-06 -1.4089052866e-06  7.8669323163e-07  8.4597479311e-04
741010587.000000 -2607111.575 -3706821.172 4473056.249  6.0994612532e-04  2.2640275631e-06 -5.4705965379e-06 -4.6206319692e-06  1.0095931974e-03 -5.2314914138e-06 -1.9308714392e-06 -4.3337220041e-06  5.3994733530e-04
741010591.102999 -2607111.575 -3706821.172 4473056.249  1.7877427758e-03  5.0331250865e-06 -2.8196182506e-06  3.5439278506e-07 -4.3191923747e-04  5.0213771264e-06 -4.6784831872e-06 -3.6308080453e-06  4.6821640011e-04
741010589.894277 -2607111.575 -3706821.172 4473056.249  8.6196222307e-04  1.0377446772e-06  2.8751333804e-06 -2.1763747808e-06  4.1102939624e-04 -1.2616786822e-06  4.8946837835e-07  4.0499126933e-06  2.5474277482e-04
741010592.076504 -2607111.575 -3706821.172 4473056.249  3.2822140109e-04  7.2576363537e-07  6.6411536377e-06 -2.2137451450e-06  4.4400500907e-04  2.6266760225e-06 -6.9758390921e-06 -6.9208033186e-06  7.0574774981e-04
741010607.000000 -2607189.430 -3706766.413 4473056.249 -2.4733197900e-04  3.8392821284e-06 -7.2157459269e-08  5.9529582035e-06  1.0083804580e-03 -1.7372018763e-05 -8.7935533236e-06 -1.0759959359e-05  1.2262798525e-03
741010611.174602 -2607189.430 -3706766.413 4473056.249  1.0010999482e-03  3.9391341071e-06 -1.1625074666e-05 -1.4430306326e-06 -5.6130313895e-04  2.5451456317e-06  1.3739917776e-06 -3.6613626047e-06  4.7929019361e-04
741010609.860835 -2607189.430 -3706766.413 4473056.249  1.2780776274e-03  1.4858343377e-06 -4.1633496815e-06  1.0728683091e-06  1.2591374265e-03 -5.0532999895e-06  4.1059859969e-06 -5.6687328232e-06  7.3122657409e-04
741010612.033741 -2607189.430 -3706766.413 4473056.249  9.4400969465e-04  6.0031261931e-06 -6.4256185866e-06  1.7831055571e-06  4.1210377083e-05  1.2828733153e-05 -3.0091831358e-06 -9.6872395272e-08  5.5348279639e-04
741010627.000000 -2607264.680 -3706708.283 4473060.531  1.2359196531e-03  3.3788888436e-06 -6.6371073537e-06  4.5198269381e-07  8.3666737033e-05 -1.0275999441e-05  7.4579853493e-06 -2.2806493341e-06  6.5143443671e-05
741010631.244560 -2607264.680 -3706708.283 4473060.531  7.3140139185e-04 -6.0071673167e-06 -1.2810652063e-06  1.0984855889e-06  8.9069958598e-04  5.3418647066e-07  5.9755124897e-08 -3.2117068992e-06  7.7042019435e-04
741010629.833794 -2607264.680 -3706708.283 4473060.531  7.6655063700e-04  3.5218356965e-06 -6.0161261313e-06  7.3892816284e-07  1.2535524116e-04  6.9146496613e-06 -4.3960291949e-06 -1.3930829466e-06  5.1305762366e-04
741010631.987885 -2607264.680 -3706708.283 4473060.531  5.7820879042e-04  2.2600715846e-07 -2.9794883037e-06  4.1480702890e-06 -1.2165586780e-03  4.1000812086e-06 -5.5739543008e-06 -1.5991424539e-06  1.0239177690e-03
741010647.000000 -2607337.021 -3706647.016 4473069.076  5.9402842418e-05  2.0805429565e-06 -1.1764664419e-06 -1.6820839796e-06  6.9476547293e-04 -7.0831337709e-06 -3.5242493347e-06 -8.5906801386e-06  1.0226461910e-03
741010651.312647 -2607337.021 -3706647.016 4473069.076  2.7846957989e-04  4.3064188485e-06 -6.8383138588e-06  4.7441820517e-06  7.1597397283e-04 -2.7437483160e-06 -1.3402722140e-06 -4.2270228575e-06  1.2814575834e-03
741010649.813482 -2607337.021 -3706647.016 4473069.076 -6.1270298216e-04 -3.1593168241e-06 -1.1352281502e-05 -2.4843495538e-06  1.4214124137e-03 -7.2131825879e-06 -1.6068026585e-06  3.9931667640e-06  1.9381112636e-03
741010651.939050 -2607337.021 -3706647.016 4473069.076  1.0698652249e-03 -2.6395215199e-06 -2.2130007893e-06 -3.3636468524e-06  7.7519758980e-04  5.1316739209e-07 -3.3159027949e-06 -3.4610899219e-06  8.7676309119e-04
741010667.000000 -2607406.163 -3706582.859 4473081.851  2.1878954383e-03 -2.6800513629e-06 -2.1034532631e-06  1.5374510300e-06  2.2262920742e-03 -2.0392960896e-06  5.4190316857e-06  1.8388792437e-06  2.2120450619e-03
741010671.378759 -2607406.163 -3706582.859 4473081.851  7.3159388767e-04  1.0257573747e-06 -3.7665167020e-06 -9.4082528478e-07  8.6979713198e-04  6.0531303134e-06 -5.2675136747e-06 -3.3021808948e-06  1.6312417537e-03
741010669.800150 -2607406.163 -3706582.859 4473081.851  9.1213855535e-04  2.6693581089e-06  3.0720276541e-06 -7.3561131024e-07 -1.4232892567e-04  2.0540106480e-06  3.2404967323e-06 -1.0511472803e-06  1.1524231720e-03
741010671.887212 -2607406.163 -3706582.859 4473081.851  1.0301267592e-03  7.9304174097e-07 -4.6899195453e-06  2.8721693172e-06  4.1734519905e-04 -5.8294329151e-06 -1.5346702129e-06 -8.4018275429e-06 -3.5966367431e-04
741010687.000000 -2607471.827 -3706516.069 4473098.804 -1.1080606011e-04  5.8363751863e-06 -7.3422046230e-06  1.0537741783e-06  8.3226134902e-04 -9.7366309422e-06 -4.8254178429e-06  5.7243622911e-06 -5.4656042340e-04
741010691.442687 -2607471.827 -3706516.069 4473098.804  2.5427420555e-04 -2.0945474100e-06 -3.6524206214e-07  4.4614624476e-07 -1.1523653073e-04 -4.9191858716e-06 -9.0656442022e-06 -4.2971937106e-06  8.2690161608e-04
741010689.793972 -2607471.827 -3706516.069 4473098.804  1.3366001286e-03 -1.5998771392e-06 -4.5191605070e-06  5.2942443726e-06  1.7870709481e-03 -1.3157743974e-05  3.8928902776e-07  5.0223442956e-06 -5.5996576454e-05
741010691.832623 -2607471.827 -3706516.069 4473098.804  7.4160129125e-04  2.9523608851e-06  5.7741162622e-07  3.4668968344e-06 -1.0848068163e-04 -6.6714754295e-07  3.8675331348e-06 -2.2848597668e-06 -2.4689846312e-04
741010707.000000 -2607533.748 -3706446.917 4473119.867  1.1745224332e-03 -6.9936758156e-07 -2.8446292419e-06  2.8856876234e-06  6.2430042347e-04 -2.9022059685e-06 -6.6775170205e-06  4.1676418063e-07  7.4811271901e-04
741010711.504276 -2607533.748 -3706446.917 4473119.867  9.5692856083e-04  2.5843774448e-06 -4.2420172495e-06  6.0991120020e-06  8.1467779597e-04 -7.1342992108e-06 -1.0176968745e-05 -5.7007420954e-07  1.1630009110e-03
741010709.794998 -2607533.748 -3706446.917 4473119.867 -7.0668240577e-05 -4.6530311999e-07 -2.7509744889e-06 -1.1338696214e-06  6.6377859880e-04 -9.7438527018e-06 -4.2059764259e-06 -1.4468373057e-05  3.3748080118e-04
741010711.775334 -2607533.748 -3706446.917 4473119.867 -1.2400668727e-04  1.1816121296e-06  2.7594966348e-07 -2.5422245500e-06 -1.2891695019e-04 -1.4908365235e-05  3.8787210448e-06 -7.7510349271e-07  6.8982076655e-04
741010727.000000 -2607591.678 -3706375.680 4473144.955  1.5706986775e-03  1.0557052450e-06 -5.9967031462e-06  1.7151031301e-06  8.4241837622e-04 -2.6463486022e-06 -6.2728462016e-06 -1.3097434386e-05  1.2811796687e-03
741010731.563403 -2607591.678 -3706375.680 4473144.955  1.0959094465e-03  4.1698111059e-07 -4.0697604823e-06  1.1982831001e-06  7.2319423641e-04 -1.3269894105e-06 -3.0262599235e-06  3.0211491376e-06  4.8264218776e-04
741010729.803240 -2607591.678 -3706375.680 4473144.955  6.3177641888e-04 -3.5488530484e-07 -5.1941268302e-06 -8.3121066355e-07 -3.2339412336e-04 -1.3047747532e-05 -9.1777230605e-06  8.4349949353e-06  9.1851541369e-04
741010731.715468 -2607591.678 -3706375.680 4473144.955  8.6920764143e-05  8.5096514162e-07 -2.7501264865e-06 -1.9527967943e-06 -1.8129259569e-04 -1.2898090629e-05 -2.6694827244e-06  5.5117303375e-06 -1.4885113196e-04
741010747.000000 -2607645.382 -3706302.645 4473173.967  1.7055199507e-04  3.8812437139e-06  6.9565428653e-08  1.2484631834e-06  6.7807070942e-04 -2.4447265032e-06  3.1589207883e-06 -2.8544858138e-06 -3.7257044364e-05
741010751.619887 -2607645.382 -3706302.645 4473173.967  4.6808664807e-04 -2.1226307292e-06 -6.7757244626e-06  3.3848969838e-06  2.7079562862e-05 -5.8311136031e-06 -3.0321353719e-06 -1.1584103971e-06  1.4791653944e-03
741010749.818587 -2607645.382 -3706302.645 4473173.967  1.3059814258e-03 -1.3482426691e-06  4.5404502759e-06 -3.4794538839e-06  7.2627405186e-04 -1.2820562866e-05 -7.6043341684e-06 -1.2329543333e-06  2.3163797103e-05
741010751.653195 -2607645.382 -3706302.645 4473173.967  1.4455764131e-04 -4.0449865653e-06 -4.3937868478e-06 -9.7764192982e-07  7.5364509979e-04  5.3005542447e-06 -7.8419960430e-06 -2.1450375231e-08 -1.8758299363e-04
741010767.000000 -2607694.646 -3706228.107 4473206.786  8.5894267814e-04 -1.4104023343e-06  1.9391615298e-06 -9.6261267195e-07  1.0798197767e-03 -7.9971205552e-06 -2.9444731674e-06 -1.1640156211e-06  1.2922036784e-04
741010771.673656 -2607694.646 -3706228.107 4473206.786  3.1497772639e-04 -4.9859811353e-07 -1.0715665390e-06 -7.5202735577e-07  9.9927627565e-04 -5.7781707393e-07  9.4005202274e-08 -2.5659683335e-06  1.0140126616e-04
741010769.840873 -2607694.646 -3706228.107 4473206.786  7.1892848116e-05  3.2766450134e-06 -1.8431066712e-06 -2.1863208974e-06  7.4884629966e-05 -1.4472035698e-05 -4.8164045868e-06 -5.5122413566e-06  1.2683910508e-03
741010771.588633 -2607694.646 -3706228.107 4473206.786  2.6656355634e-04 -6.9822735962e-06 -2.7620602640e-06  1.0890552854e-06  7.8770548430e-04  6.9813538559e-06 -7.4581012156e-06 -8.2906547771e-06  3.0642205229e-04
741010787.000000 -2607739.269 -3706152.365 4473243.281  4.2445129695e-04 -4.1181356346e-06  6.0880851205e-06 -4.8586849198e-06  1.5372243153e-03  3.7267824241e-06  3.2359655986e-06  3.2103400904e-07  1.3233706681e-03
741010791.724567 -2607739.269 -3706152.365 4473243.281  9.1932372313e-04 -2.6901506516e-06 -2.7593019762e-06  3.4727364752e-06  1.4138476912e-03 -1.6752694549e-05 -6.2189527395e-06  3.5683611420e-06  7.8329152177e-04
741010789.869780 -2607739.269 -3706152.365 4473243.281  5.7273030541e-04 -2.8776522803e-06 -1.2558028031e-06 -9.4519280000e-08  1.4136611504e-03 -1.0229655078e-05 -2.6674513575e-06 -1.8705316663e-06  1.1767758403e-03
741010791.521943 -2607739.269 -3706152.365 4473243.281  7.6897779948e-04  1.4779482882e-06 -7.5791854664e-06  4.0282771415e-06  5.9129681162e-04  1.7844174045e-06 -2.3676612040e-06  5.9987849024e-07  1.7744544883e-03
741010807.000000 -2607779.073 -3706075.724 4473283.304  2.5954298798e-04 -7.9162968712e-07 -5.0474729237e-06  4.3337786883e-06 -2.3605787887e-04  1.6708650754e-06 -2.3592356886e-06  1.3941865292e-05  3.5868070368e-05
741010811.772530 -2607779.073 -3706075.724 4473283.304  2.1845188221e-03  1.2631842266e-06 -5.2157432110e-06 -2.7431231352e-06  2.4027933368e-04  3.0546408069e-06 -6.2803671794e-06 -7.5436655942e-06  8.0892883878e-04
741010809.904994 -2607779.073 -3706075.724 4473283.304  2.3755137996e-04 -2.1982873578e-06 -4.9886444884e-06  4.1903432607e-06  9.3232703284e-04 -2.3372049018e-05 -3.5834832135e-06 -7.7823451223e-06  2.6793860319e-05
741010811.453299 -2607779.073 -3706075.724 4473283.304  8.8073644189e-04 -2.9365015483e-06 -1.2982660722e-06  7.4975380443e-06  1.0922273195e-03 -1.6110096384e-06 -2.6430771769e-06 -5.6506750435e-06  3.9876543588e-04
741010827.000000 -2607813.898 -3705998.494 4473326.693  9.9029126067e-04  2.6356619198e-06 -1.6694135489e-06  3.9211866691e-07  1.9019303287e-03  1.2010682756e-05 -2.5297049455e-06 -7.6772140165e-06  3.6340138040e-04
741010831.817458 -2607813.898 -3705998.494 4473326.693  1.1857053551e-03 -1.7175406176e-06 -4.0563839785e-06  1.1824560422e-07  1.0474806283e-04  1.0345586402e-05 -5.5817745150e-06 -3.2036198258e-06  8.8117389415e-04
741010829.946117 -2607813.898 -3705998.494 4473326.693  5.4769957339e-04  5.0012017643e-06  4.9835128210e-06 -4.1572073545e-06  2.3484538838e-03 -2.1491808623e-06 -3.2986005578e-06 -1.2130626352e-05 -1.4919356541e-04
741010831.382906 -2607813.898 -3705998.494 4473326.693 -9.1795219144e-05  1.1678445697e-06 -3.0126158612e-06  5.3893974779e-07  4.8359213129e-04 -6.6678702601e-06  2.2940543176e-07 -2.3044548632e-06  5.1956305863e-04
741010847.000000 -2607843.603 -3705920.985 4473373.275  1.2532408630e-03 -1.1983402656e-06 -1.1529111665e-06 -2.2779303760e-06 -2.1518539789e-04  8.4084458516e-06 -4.2810085308e-06  5.8369907139e-06  5.1350644698e-04
741010851.859196 -2607843.603 -3705920.985 4473373.275 -5.1018431489e-04 -7.1669902307e-06 -6.1668424645e-06  1.8914826973e-06 -5.6024557564e-04 -6.7862946510e-06  4.0477825947e-06 -2.8658341838e-06  5.3353400810e-05
741010849.992735 -2607843.603 -3705920.985 4473373.275  3.5852215935e-04  8.8062582352e-07  4.8412442883e-06  2.4290697033e-06  6.4398100498e-04 -5.2741233019e-06 -4.6479713756e-06  2.4426985970e-06  1.1449629197e-04
741010851.310973 -2607843.603 -3705920.985 4473373.275  8.8793357562e-04 -3.9253749143e-06 -2.6110435204e-06  1.5171755980e-06  1.4376347669e-03  1.0628644118e-06 -3.3029920420e-06  2.8732198044e-06  2.7348831187e-04
741010867.000000 -2607868.068 -3705843.508 4473422.862  5.1474700030e-04  6.4046279600e-07  8.1950524480e-06 -3.4237745573e-06  1.2968399361e-03  8.4120778307e-07 -3.5434982544e-06 -4.2927708934e-07  1.1729493553e-03
741010871.897738 -2607868.068 -3705843.508 4473422.862  1.8685234201e-03 -3.2261372167e-06 -7.1365583092e-06  2.4755254578e-06  1.3473706330e-03  7.5658662447e-06 -8.8787546726e-06 -7.5610809372e-06 -3.2553077523e-05
741010870.044368 -2607868.068 -3705843.508 4473422.862 -5.9486168274e-04  2.4660185046e-06  1.4079029871e-06  2.0010867090e-07  1.3282773091e-03 -6.7515406229e-06 -2.2168157924e-06  1.4351262751e-06  8.6749501775e-04
741010871.237611 -2607868.068 -3705843.508 4473422.862  9.0204569716e-04  3.0036190238e-06 -1.6039504030e-06  1.7475105987e-06 -5.6718095190e-04 -4.9384929023e-06  7.9808125828e-07 -2.4028805297e-06  9.3027591553e-04
741010887.000000 -2607887.195 -3705766.377 4473475.254  1.2335698268e-03 -3.3863038455e-06  3.4289626092e-06 -4.1328442070e-06 -5.1830357720e-04 -3.7834018151e-06 -6.6085720855e-07 -2.4238315418e-06 -6.8455698567e-04
741010891.932954 -2607887.195 -3705766.377 4473475.254  9.2499633174e-04 -1.6509654415e-06 -8.5144498831e-07 -2.5214596398e-06  1.1415559863e-03 -2.3405920282e-06 -6.5114173314e-06 -2.4231386003e-06  2.2227314159e-04
741010890.100547 -2607887.195 -3705766.377 4473475.254  1.3453270134e-03  5.2500579419e-07 -5.0742106490e-06 -3.9925199872e-06 -6.6212724082e-04  3.6708034538e-06  3.6728465049e-06  6.9112232827e-07  1.6987866099e-03
741010891.163149 -2607887.195 -3705766.377 4473475.254  3.2505815594e-04 -8.2987951743e-06 -4.2601232089e-06 -2.4629516890e-06  5.4711693474e-04  4.2310245597e-06  2.0960560122e-07 -2.4468205535e-06  9.5980165908e-04
741010907.000000 -2607900.908 -3705689.902 4473530.239 -3.5531543274e-04 -5.3519794462e-06 -7.8332153593e-06 -1.9326233726e-07  6.0387094993e-04  4.3165000759e-06  5.2794267777e-06 -2.6756607307e-06 -6.6843634459e-04
741010911.964804 -2607900.908 -3705689.902 4473530.239  1.7532021346e-03 -3.0404383796e-06 -4.2469269465e-08  1.0685318435e-06  1.3956534489e-03 -2.5162452169e-06 -3.4565681553e-06  4.2030187658e-06  1.3649078792e-03
741010910.160756 -2607900.908 -3705689.902 4473530.239 -6.3016368969e-04  3.9773437547e-06 -8.8799507526e-06 -3.0477042871e-08  6.4758327390e-04 -4.0740683972e-06 -6.0870134557e-06 -1.4770954604e-05  2.0014143999e-04
741010911.087762 -2607900.908 -3705689.902 4473530.239  6.8396041848e-04 -3.0192262568e-06 -3.1135212316e-06 -2.2125933184e-06  6.7023134537e-04 -1.0284935615e-05 -9.3192082650e-06  5.4683305318e-06  4.7027921278e-04
741010927.000000 -2607909.150 -3705614.390 4473587.598  2.0562184667e-05 -3.3476835989e-06  1.4083942822e-06  2.4924713689e-06  9.7576384459e-04  1.4202566211e-06 -1.0883182671e-05  3.1053206174e-06  2.0728014008e-03
741010931.993242 -2607909.150 -3705614.390 4473587.598  9.6429048759e-04 -1.7573024888e-06 -4.4928798697e-06  1.0314979744e-06  1.1125867884e-03  4.6615694874e-07 -1.3596003854e-06 -6.3255789680e-06  1.0301968820e-03
741010930.224520 -2607909.150 -3705614.390 4473587.598  2.0915320287e-03  2.9565748079e-07 -4.3504398878e-06 -1.3623147824e-06  1.6271625078e-03  2.1128674455e-06 -3.5098864442e-07 -5.5516240507e-06  1.2691235805e-03
741010931.011747 -2607909.150 -3705614.390 4473587.598  3.8463547812e-04  2.6218829661e-06 -2.3127209692e-06  5.1948225797e-06  1.2357475659e-03 -4.0031955971e-08 -2.0443313967e-06 -6.0601360384e-06 -3.6987908823e-04
741010947.000000 -2607911.889 -3705540.146 4473647.098  9.7739220260e-04  6.7715449646e-06 -7.2128797164e-07 -2.4054639861e-07  3.9465674170e-04 -9.6632831714e-06 -5.0215772641e-06 -5.0725019206e-06  2.2671664486e-04
741010952.018195 -2607911.889 -3705540.146 4473647.098  1.5272996303e-03  3.2408363589e-06 -8.4082880693e-06 -3.4817819322e-06  1.0620015611e-03  1.8057746957e-06  1.0816911588e-06  3.2776889393e-07  5.3782185437e-04
741010950.291390 -2607911.889 -3705540.146 4473647.098  1.7811293199e-03 -1.5222468696e-06  1.7513150483e-06 -1.0171010625e-06  1.0366523523e-03 -8.8792443793e-06 -1.5127879241e-06 -1.8372718921e-06  1.0953168145e-03
741010950.935376 -2607911.889 -3705540.146 4473647.098  4.5981217231e-04 -2.4266992491e-06  2.0297600823e-06  1.8232445847e-08  1.1669947174e-03 -1.2828969651e-05  1.4585802093e-06 -1.4688738111e-05  6.0564393926e-04
741010967.000000 -2607909.113 -3705467.468 4473708.500  8.4873104696e-04  4.2292522487e-06 -7.5587124923e-06  6.5315222824e-06  3.1575122050e-04 -6.4833427690e-06 -2.5115456777e-06 -4.1357533931e-06 -2.6297467346e-04
741010972.039624 -2607909.113 -3705467.468 4473708.500  6.1302101720e-04 -1.4420925659e-06 -7.2050933377e-06  1.5311975950e-06  6.7343051312e-04  3.0244660552e-07 -2.5389266765e-07 -1.0802904145e-05  5.9283193303e-04
741010970.360842 -2607909.113 -3705467.468 4473708.500 -3.0266568859e-04 -2.3749695976e-06 -3.7022037303e-07 -3.5050092175e-06  1.1012521214e-03 -5.9132249823e-06  2.7642575385e-06 -3.9220125640e-06  1.1666334732e-03
741010970.858888 -2607909.113 -3705467.468 4473708.500  1.6924677035e-03  5.8134793634e-07 -4.8617459001e-06  1.2111706342e-06  1.1634795010e-04 -7.5027065768e-07  3.7535343215e-07 -1.7728593361e-05  5.1965801121e-04
741010987.000000 -2607900.834 -3705396.650 4473771.557  7.3349214098e-04  5.8354614720e-07  4.0183028577e-06 -1.8085402846e-07  1.0166249448e-03  1.1291271630e-06 -5.0806236213e-07  5.0731279813e-06  5.5979235461e-04
741010992.057462 -2607900.834 -3705396.650 4473771.557  6.9831645957e-04 -8.1370188983e-06 -1.5995434905e-06 -3.1735353918e-06 -2.9042142737e-04 -6.8162331495e-06 -2.4183426266e-06 -9.3374197491e-06  1.5590077153e-03
741010990.432514 -2607900.834 -3705396.650 4473771.557  9.3185334870e-04 -2.0755407098e-06 -4.6410963731e-06 -2.4649962292e-06  1.1210135296e-03  6.6365757591e-06 -3.7222531241e-06 -1.6437091570e-05  6.7701059503e-05
741010990.782659 -2607900.834 -3705396.650 4473771.557  4.0397740261e-04 -7.9461396702e-06 -1.7029524463e-06  1.7592204727e-06  4.0171890982e-04  3.2582577101e-06 -5.0013903097e-06 -7.2941498865e-06  5.5316173606e-04
741011007.000000 -2607887.086 -3705327.976 4473836.015 -4.8674965116e-04  3.7619958979e-06 -5.3538961285e-06 -6.1830318759e-07  5.8197748272e-04 -6.5236818337e-07 -4.9466414884e-07 -9.5155905255e-06 -2.5449201380e-04
741011012.071723 -2607887.086 -3705327.976 4473836.015  1.9521249378e-04 -2.3033118743e-06 -9.4183738995e-06  2.7872604767e-06  8.7736259510e-04  5.8138939492e-06 -5.2719294787e-06  5.8803160978e-07  8.7428095057e-04
741011010.505924 -2607887.086 -3705327.976 4473836.015  6.7180195156e-04  5.4195425227e-06  2.2782468079e-07 -4.8684868228e-06  9.6485770803e-04 -7.4112433943e-06 -5.5726197728e-06 -7.4994821247e-06  1.2363686356e-03
741011010.707011 -2607887.086 -3705327.976 4473836.015  1.1917175061e-03  3.8048288330e-06  6.3206855607e-06  2.3825582801e-06  5.9402042927e-04  5.5323071904e-07 -3.6337463854e-06 -9.9882560752e-06  9.8656444788e-04
741011027.000000 -2607867.922 -3705261.724 4473901.615  1.5950439593e-03 -3.4075565117e-07 -9.1677735663e-06  2.3654284189e-06  7.5699000959e-04  4.7977080672e-06  9.9491701019e-07 -1.0742871353e-05  9.2953474008e-05
741011032.082369 -2607867.922 -3705261.724 4473901.615  1.2189589344e-03  4.3362843455e-06 -1.6649448696e-06 -7.0324636700e-07  2.0914821110e-03  4.5972073796e-07 -1.0800989122e-05  1.4600681449e-06  5.6418081087e-04
741011030.580659 -2607867.922 -3705261.724 4473901.615  7.6951642611e-04 -2.1974914210e-06 -2.1939387697e-06  3.6451156087e-06  1.4744050542e-03 -1.6557657438e-06  1.3051416380e-06 -2.3723082281e-06  4.6994036722e-04
741011030.632260 -2607867.922 -3705261.724 4473901.615 -1.6039468077e-03 -9.4459801898e-07  3.5109763480e-06  4.3610602372e-06  9.9443244466e-04  6.2092019888e-06 -3.3414054890e-06  9.1394601523e-06  1.3385422883e-03
741011047.000000 -2607843.422 -3705198.159 4473968.092  1.0736371085e-05  5.5828145047e-06 -8.1024636558e-06  2.1904549983e-07  1.2988203830e-03  3.4811178617e-06 -5.6926271291e-07 -5.9987835923e-06  4.7823075395e-04
741011052.089324 -2607843.422 -3705198.159 4473968.092 -1.0078850296e-04 -7.1569552176e-06 -3.1567355663e-07 -2.2005122616e-06  1.0261764642e-03 -3.6717674455e-06 -2.9795641216e-06 -9.8678679618e-06 -1.5126427289e-05
741011050.656383 -2607843.422 -3705198.159 4473968.092  1.5073339057e-03 -1.4357757107e-06  8.0023638783e-07 -5.6461574977e-06  9.1195889990e-04  8.2385214148e-06  2.5748154069e-06  1.1733449715e-05  1.6699494665e-03
741011050.558822 -2607843.422 -3705198.159 4473968.092  8.8349269374e-04 -1.9423491349e-06 -4.0710061183e-06  1.3848694852e-06  8.8464090457e-04 -3.7935502326e-06 -1.3250693276e-06 -1.7250106709e-06  1.3658718656e-03
741011067.000000 -2607813.682 -3705137.537 4474035.178  2.3859433165e-04  2.2054708885e-06  5.9284494783e-06 -4.5752778747e-06  1.2346013427e-04 -6.5449835594e-06  3.0202049360e-06 -1.6860352149e-06  1.1879018871e-03
741011072.092662 -2607813.682 -3705137.537 4474035.178  1.5247693432e-03 -4.3514927911e-06 -1.0136326049e-05 -4.6579065642e-06  9.0030085991e-04 -1.0624115820e-05 -2.5957220348e-06 -1.2423108698e-05  6.6935602743e-04
741011070.732714 -2607813.682 -3705137.537 4474035.178  9.0346911157e-04  1.2522739305e-06  1.4922904812e-07  5.4578616052e-06 -6.4270214050e-04 -1.1732817819e-05  5.1267824838e-06 -7.0260104762e-06  3.5810197784e-04
741011070.487049 -2607813.682 -3705137.537 4474035.178  5.2856342033e-04  5.0708436284e-07 -6.6154634990e-07 -1.8599490280e-06  6.6864441223e-04 -7.1222798964e-07 -2.1545742020e-06 -2.3782620368e-06  1.4684745994e-03
741011087.000000 -2607778.824 -3705080.104 4474102.604  8.1613423197e-04  7.7035774842e-06  1.9427092175e-06  9.9159898266e-06 -5.8546694809e-04 -8.7946477102e-07 -3.1923698807e-06 -3.8394366912e-06 -1.2864927469e-05
741011092.092321 -2607778.824 -3705080.104 4474102.604  5.7276071345e-04 -5.3031620267e-07  6.0209744670e-06  2.7469873963e-06  4.2379755841e-04 -9.4559565497e-07 -5.8987878101e-06 -1.1387519673e-06  6.7670008033e-04
741011090.809300 -2607778.824 -3705080.104 4474102.604 -8.5543963081e-04 -2.1265490007e-06 -1.4635830537e-06 -2.0653756770e-06  9.4451070375e-04 -3.3384068103e-06 -2.7377294191e-06  5.5414545894e-07  1.2712667771e-03
741011090.417469 -2607778.824 -3705080.104 4474102.604  1.1151968821e-03  5.5973984534e-06 -1.3949105939e-06 -9.8978840246e-07  4.9865601672e-04  5.4826708060e-07 -9.7634037106e-06 -1.3621428172e-06  1.3237874533e-03
741011107.000000 -2607738.987 -3705026.090 4474170.098  6.8466195199e-04  3.7274198539e-06 -4.6556899312e-06 -3.6041750621e-06  2.9944508032e-04 -2.5117084643e-06 -3.4136933929e-06 -1.4827533164e-05  2.1170543723e-03
741011112.088329 -2607738.987 -3705026.090 4474170.098  6.8586412865e-04 -7.0323111963e-07 -3.0333247879e-06 -2.1232292074e-06  1.8919077231e-03  3.4681459804e-06 -6.5147306732e-06 -6.3723308360e-06  2.1357152807e-03
741011110.885819 -2607738.987 -3705026.090 4474170.098  6.2992012963e-04  9.9774340209e-08 -1.4724829942e-06 -2.6703670461e-06  1.6097018026e-03  2.4839207852e-06 -3.3251023299e-06 -7.2635002197e-06  7.3409576486e-04
741011110.350432 -2607738.987 -3705026.090 4474170.098  9.7622970151e-04 -1.0563469872e-06  1.7767277215e-06 -2.6975223067e-07  5.0338238696e-04  3.0905972750e-06  4.7166130516e-06  3.8828666587e-06  1.3949793507e-03
741011127.000000 -2607694.331 -3704975.712 4474237.388 -4.1476080139e-04  3.1702912786e-07  3.1084725416e-07  2.2816925541e-06  2.8576550228e-04  8.0242036896e-06 -2.4572217063e-06 -2.6873358923e-07  3.4717907660e-04
741011132.080700 -2607694.331 -3704975.712 4474237.388  2.4620027718e-04 -5.2468825973e-07 -4.2126518569e-06  3.0170186670e-06  1.4472064449e-03 -2.1926065327e-05 -5.9764175400e-07 -1.2967773433e-05  3.7175969009e-04
741011130.962019 -2607694.331 -3704975.712 4474237.388  7.4258787208e-06 -1.8648728718e-06 -5.0640073875e-07  4.1141067413e-07  1.2125854938e-03 -2.7793603195e-06  3.2788287640e-06 -2.8889506460e-06  7.0911733712e-04
741011130.286416 -2607694.331 -3704975.712 4474237.388 -6.4620436296e-04  4.2558652152e-07 -5.7604090111e-07 -5.7688019128e-06  1.3658290679e-03  1.7803742087e-07  7.4739081904e-06  5.0206492557e-06  1.1723810383e-03
741011147.000000 -2607645.038 -3704929.173 4474304.203  1.1463287708e-03 -4.8794873848e-06 -7.5485012487e-06 -6.7917407842e-06 -8.3793369678e-04 -1.0337021734e-05 -3.3715692084e-07 -1.5282774887e-05  1.3613072286e-03
741011152.069420 -2607645.038 -3704929.173 4474304.203  1.1466225456e-03 -1.0731129074e-06  4.5687499117e-06  9.6047088043e-08 -1.5114897181e-04 -4.8822278499e-06 -7.9414520481e-06  1.6277943250e-06  1.5462273812e-03
741011151.037613 -2607645.038 -3704929.173 4474304.203  3.7691686982e-04 -9.1951721478e-07 -5.3317086535e-06  1.6091651446e-06  4.1285641460e-04  8.8838073717e-08 -4.9887310073e-06 -6.5694155808e-06  7.1008775745e-04
741011150.225907 -2607645.038 -3704929.173 4474304.203  1.3405374415e-03  7.7224238765e-06 -7.0989133042e-06 -2.6131657738e-06  1.6684748064e-03 -1.3485171617e-05 -1.1322062655e-06 -5.5336207744e-06  3.9195364784e-04
741011167.000000 -2607591.304 -3704886.662 4474370.274  1.3163073694e-03  1.0912612406e-06  7.1412394115e-06  1.5757435370e-06  4.8736740136e-04 -7.5248578252e-06 -6.7341555011e-07 -8.0993068653e-06  1.9020344389e-03
741011172.054484 -2607591.304 -3704886.662 4474370.274  8.8572190772e-04  3.5431931721e-06  4.4632074608e-06  8.5178653778e-07  3.3329428803e-04  2.1912140593e-06 -5.6954525589e-06 -4.5420088227e-06  7.3770373995e-04
741011171.112334 -2607591.304 -3704886.662 4474370.274 -7.8824135241e-04 -2.5214287360e-06  2.9258302218e-06 -9.6012729517e-07  5.2537598254e-05 -7.2128337540e-06  2.7546478832e-06 -5.9690007739e-06  1.8417434884e-03
741011170.169373 -2607591.304 -3704886.662 4474370.274  1.2745616390e-04 -3.4240940330e-06 -8.3701960500e-06  1.6129050307e-06  4.2738902691e-04  1.0662146955e-05  3.6275058675e-06  4.3140253521e-06  5.0751686601e-04
741011187.000000 -2607533.347 -3704848.348 4474435.336  1.2544910566e-03 -1.2106298262e-06 -1.4106449944e-06  2.3225703630e-06  1.0674489795e-04 -4.3645025826e-06  5.1624918212e-07  1.1562303840e-05  5.5785376703e-04
741011192.035986 -2607533.347 -3704848.348 4474435.336  4.4895031865e-04  3.5186757371e-06 -4.2293198896e-06  5.7133870134e-06  1.9311416689e-03  5.4608851337e-07 -1.1069340115e-05 -3.0996383693e-06  1.4562212631e-03
741011191.185901 -2607533.347 -3704848.348 4474435.336  8.7905073796e-04  3.4688711962e-06 -5.8428992800e-06 -2.3809209067e-06  5.5599036286e-04 -1.1149679419e-05 -5.9288590204e-06  3.7067295250e-07  7.3899885905e-04
741011190.117345 -2607533.347 -3704848.348 4474435.336  4.0445447425e-04 -1.1269396493e-06 -5.9038493208e-06 -5.3270142645e-07  1.2131300344e-03 -1.2387564980e-05 -4.0734833600e-06 -1.4974954068e-05  5.6127806334e-04
741011207.000000 -2607471.400 -3704814.387 4474499.126  1.0624685926e-03  2.7794293563e-06  5.3651122700e-06  4.0366608780e-06 -7.2578798155e-04  2.0890760288e-07 -4.5091009302e-06  3.0044476230e-06 -2.6467251756e-05
741011212.013922 -2607471.400 -3704814.387 4474499.126  1.0852802097e-03  4.6856712179e-06 -7.8593473111e-06 -6.4378850842e-07 -3.9899255858e-04 -2.3407386857e-06  3.7065566054e-06 -1.0718854368e-05  3.5884427503e-04
741011211.258142 -2607471.400 -3704814.387 4474499.126  7.2622527696e-04 -4.4911836317e-06  7.7662306422e-06  1.5960696275e-06 -2.8021232833e-04 -2.0991275570e-06 -8.0090433229e-06 -3.6424465234e-06  1.7634130286e-03
741011210.070261 -2607471.400 -3704814.387 4474499.126  1.4966999767e-03 -5.5804710104e-06 -6.3234709496e-07 -1.3912563287e-07  8.2864272895e-04 -2.0885447927e-06 -6.9491921601e-06 -1.6240018453e-05 -2.1339238194e-04
741011227.000000 -2607405.712 -3704784.914 4474561.387  1.1861820430e-03  8.1566047249e-07 -6.5259455967e-06 -3.7613116010e-06  1.7754654769e-04  3.5938918335e-06 -3.3417157395e-06 -1.7189079305e-06  4.9394876524e-04
741011231.988344 -2607405.712 -3704784.914 4474561.387  2.4045370468e-04  4.1258631305e-06 -4.7413070227e-06  2.2164242509e-06 -2.3953064465e-04 -2.3445748775e-06  6.4489104665e-07 -2.2944977162e-06  3.6291120177e-04
741011231.328837 -2607405.712 -3704784.914 4474561.387 -2.1744105556e-04 -2.3199661382e-06 -1.9801008610e-07 -6.8933059717e-07  4.9209252726e-04 -4.0200629224e-06  2.5294286250e-06 -3.6269508745e-06  1.5476179704e-04
741011230.028590 -2607405.712 -3704784.914 4474561.387  9.6525642012e-04  1.9231109346e-06 -5.5198540920e-06 -4.2405047253e-06 -2.5473369292e-04 -4.8195851055e-06  3.2810572826e-06  5.4032698409e-06  1.3609845959e-03
741011247.000000 -2607336.548 -3704760.050 4474621.868  3.9456032524e-04  1.6940843633e-06 -3.7260463405e-06  9.3583433848e-07  1.3085783700e-03  4.7016910886e-06 -5.0983320891e-06 -7.8133101784e-06  4.2173218907e-04
741011251.959265 -2607336.548 -3704760.050 4474621.868 -1.3945176957e-03  5.1216706839e-07 -9.1208685895e-06  3.2117072203e-06  5.0555224185e-04 -1.1127518522e-05 -4.9162089512e-06 -2.4047147280e-06  1.1847617219e-03
741011251.397764 -2607336.548 -3704760.050 4474621.868 -3.9334899275e-04 -3.7443748025e-07  8.0694679927e-07 -1.9779353770e-06  1.5605670678e-03 -5.1960937777e-06  3.3348423945e-07  6.7838571273e-06  1.1517052692e-03
741011249.992788 -2607336.548 -3704760.050 4474621.868  7.3769766106e-04  1.7765299107e-06 -2.9414561437e-06  9.2377635751e-07  1.3979111561e-03 -4.2584842485e-06 -1.6537179182e-06 -1.0110453948e-05  1.0829384748e-03
741011267.000000 -2607264.186 -3704739.893 4474680.327  2.1013147340e-04  8.6940704449e-08 -1.2315808115e-06 -4.5828808839e-06  1.8447444913e-04 -6.3030499823e-06 -4.8664840646e-06 -2.7527049168e-06  8.6106255093e-04
741011271.926792 -2607264.186 -3704739.893 4474680.327 -3.2324786976e-04  1.6524682497e-07  1.3630726276e-06  2.6634966794e-06  1.0267978785e-03 -7.2662228202e-06 -2.7253280270e-06 -3.1091979211e-06  1.4027527418e-03
741011271.464765 -2607264.186 -3704739.893 4474680.327  1.0477608603e-03  3.4325725725e-08 -1.2886849491e-05 -1.4443429513e-06 -3.6058242703e-04 -8.4397986884e-06 -4.8952541803e-06  8.2100867043e-07  4.7124804446e-04
741011269.963229 -2607264.186 -3704739.893 4474680.327 -2.0666908632e-04  5.7871957110e-06 -1.0928012679e-05  2.9953415965e-06  1.9486396060e-04 -8.0939781669e-06 -9.1684188968e-06 -3.6662878339e-06 -8.3716253796e-04
741011287.000000 -2607188.918 -3704724.525 4474736.527  6.6270728579e-04  1.1330781997e-06 -6.6667719501e-06 -2.3525354557e-08  1.9315874232e-04 -3.4402707756e-06 -4.9835808038e-07 -3.5695857814e-06 -7.1132348625e-06
741011291.890964 -2607188.918 -3704724.525 4474736.527  8.5225758118e-04 -3.0081312675e-06 -5.1722777725e-06  7.1478433717e-07 -2.1537541123e-04 -2.1760853174e-06 -1.0538402241e-05  6.6657476725e-06  1.2081664148e-04
741011291.529653 -2607188.918 -3704724.525 4474736.527  3.5914474113e-04 -2.2196920647e-06 -6.4486193698e-06  2.3454965886e-06 -7.3583165216e-04 -1.2348830510e-05 -1.0060907550e-05  4.5236781145e-06  3.6037734327e-04
741011289.940291 -2607188.918 -3704724.525 4474736.527 -5.6496624016e-04  2.6773300928e-06  4.0977421538e-06 -1.3336515991e-06  1.6084927809e-03  5.7481999307e-06  2.2348026472e-06  7.7711364024e-06  3.4684229209e-04
741011307.000000 -2607111.046 -3704714.008 4474790.243  1.7152286985e-03  2.8196532842e-06 -2.2211208986e-06 -6.8759301115e-06 -4.5862447057e-05 -8.6548411186e-06  5.6850539335e-06 -1.5003191371e-05  6.6380199907e-04
741011311.851855 -2607111.046 -3704714.008 4474790.243  1.1029116184e-04  4.0240620521e-06  2.5729741219e-06 -1.9939720656e-06  2.1223605186e-04  5.2831343252e-06  9.6225954280e-07 -3.5722045379e-06 -4.7508251657e-04
741011311.592275 -2607111.046 -3704714.008 4474790.243 -9.6192463298e-05  8.8201193219e-07  2.9340502923e-06 -4.2845139413e-06  7.3729798467e-04 -2.8715413364e-06 -3.2705994126e-06 -7.3089605358e-06  9.3757663756e-04
741011309.924207 -2607111.046 -3704714.008 4474790.243  2.2101607301e-04  2.2950608903e-06 -1.1570360389e-05  6.1026270261e-07  5.4086139111e-04 -4.1749595480e-06 -1.2790850869e-05 -1.2959736811e-05  6.4241704145e-04
741011327.000000 -2607030.885 -3704708.384 4474841.258  9.6256638013e-04  1.7217072324e-06 -2.6905463029e-06  1.7258621109e-06  7.4965782271e-04 -1.1483104654e-06  2.4162735642e-06  1.2497061130e-06  1.2577621819e-03
741011331.809520 -2607030.885 -3704708.384 4474841.258  8.2979861251e-04 -1.1445075952e-06 -6.7871445999e-06 -2.5205522791e-06  2.4015980428e-04  1.0904815558e-05 -3.6388372351e-06  1.4397853535e-06  1.2707983917e-03
741011331.652489 -2607030.885 -3704708.384 4474841.258  1.0157729992e-03 -3.2639928694e-06  2.1588952805e-06 -1.7696743710e-07  9.8167706205e-04 -9.2503975411e-06  8.0601903931e-07  6.5847673718e-06  1.0877241460e-03
741011329.915175 -2607030.885 -3704708.384 4474841.258  3.3544796895e-04  2.7947270319e-06 -8.7472365251e-06  4.4811178519e-08  9.5165798287e-04 -2.8021666924e-06 -2.2944091623e-06 -2.6192701780e-06  1.2905248159e-03
741011347.000000 -2606948.757 -3704707.677 4474889.366  5.4327922272e-04 -2.9596827525e-06 -1.6887081445e-06 -5.0626752327e-08  1.4030175813e-03 -1.8815767131e-05 -7.1271613365e-06 -4.0189111342e-06  8.0308201345e-04
741011351.764043 -2606948.757 -3704707.677 4474889.366  1.1875058644e-03 -1.2589374266e-06  8.5821496944e-07 -6.6254882262e-08  9.4198850431e-04  8.0974532186e-06 -7.0154582832e-06  9.4093694097e-07  1.2083900364e-03
741011351.710153 -2606948.757 -3704707.677 4474889.366  2.6536675452e-04  2.8046994939e-06  4.7558757715e-07 -3.0535801380e-06  2.5424362042e-04 -8.9360625113e-06 -3.8399846403e-06 -1.2433350243e-06 -5.2914400146e-04
741011349.913370 -2606948.757 -3704707.677 4474889.366  6.0671953298e-04 -4.7050810353e-07 -2.4815602784e-06  5.2428994754e-07  1.1696181913e-03  1.0647056868e-06  5.2759047545e-07 -4.7120160336e-06  9.7086612548e-04
741011367.000000 -2606864.993 -3704711.887 4474934.375  5.0235808182e-05  1.1694082261e-06 -3.8804960855e-06  2.6226489106e-06  1.4936509433e-03 -1.8361997726e-06 -1.1612983120e-05  5.1158952717e-06 -2.2926860327e-04
741011371.715535 -2606864.993 -3704711.887 4474934.375  8.2684259172e-05 -3.3629195069e-06  1.7998002506e-06  9.8498494555e-07  1.8472330998e-03  1.1997467970e-06 -6.3914333301e-07  1.6286805684e-06  1.5044805337e-03
741011371.765151 -2606864.993 -3704711.887 4474934.375 -2.0737439619e-04  6.7529745328e-06 -8.2320701931e-07 -1.1130602216e-06  6.6092027319e-04 -5.3129691037e-06 -8.7683273680e-06 -1.1825426294e-06  1.6736253935e-03
741011369.918765 -2606864.993 -3704711.887 4474934.375  6.6107963571e-04 -1.8962749773e-06 -2.3529025368e-07 -6.0001381590e-06  9.1322406700e-04 -1.8957745938e-05 -6.3675993405e-06 -1.6571568748e-05 -3.0780681289e-04
741011387.000000 -2606779.929 -3704721.000 4474976.102  8.4793112878e-05  4.2244867273e-06  1.9487403831e-06  1.3223145497e-06  2.8813632657e-05 -8.7681725747e-06 -8.0637691327e-06  3.2045935065e-06  9.5643171274e-04
741011391.664092 -2606779.929 -3704721.000 4474976.102  1.4217167544e-04 -3.8682349462e-06  1.7005978778e-06 -6.7725905497e-07  8.9314267399e-04 -7.1070465956e-06 -2.5725084035e-06  7.1749805331e-06  1.7753276173e-03
741011391.817340 -2606779.929 -3704721.000 4474976.102 -7.9754289514e-05  5.2446875762e-06  1.3744470759e-06 -3.6957335912e-06  8.9699437628e-04  2.8976017535e-06  1.1727454581e-07 -7.1797204628e-06  7.2668641375e-04
741011389.931299 -2606779.929 -3704721.000 4474976.102  8.1062031571e-04 -4.6916127839e-06  4.2128437422e-07  1.5384459959e-07  7.5807071265e-04 -1.2749075019e-05 -1.8236354230e-06 -2.8075225627e-06 -1.6893989682e-04
741011407.000000 -2606693.910 -3704734.978 4475014.379 -1.0233989058e-05 -3.1168355619e-06 -4.5540658755e-06  3.7948802848e-06  1.0048600270e-03 -7.5174643762e-06 -2.1287605576e-06 -1.9862396026e-06  1.1424668664e-03
741011411.609817 -2606693.910 -3704734.978 4475014.379  1.1476256755e-03 -5.7423571403e-06 -4.1120510905e-06 -5.8729329587e-07  4.7968993792e-04 -4.5735763021e-06  2.4914616832e-06  3.8804710880e-06  1.1205918643e-03
741011411.866623 -2606693.910 -3704734.978 4475014.379  1.3466001693e-03  5.9354573554e-06 -1.3691759401e-06 -1.9023644953e-06  2.1600244676e-03 -1.0410824986e-05 -6.3401200343e-06 -7.4560930571e-06  1.7153746541e-03
741011409.950812 -2606693.910 -3704734.978 4475014.379  1.8121933083e-05 -3.6843593989e-06 -2.7011795845e-07  4.2382610106e-06  2.6055892517e-06 -6.1225737316e-06 -7.4231585088e-06  4.8839948311e-06  2.2520464935e-03
741011427.000000 -2606607.280 -3704753.764 4475049.054  1.5797279173e-04  2.5560563844e-06  1.4799236694e-07  3.6755062945e-06  6.7741772023e-04 -1.0737859231e-06 -9.0368383330e-07 -8.2014656725e-06  2.5647631320e-04
741011431.552820 -2606607.280 -3704753.764 4475049.054 -6.8863142704e-04  9.8067499653e-07  7.8539046444e-06 -1.5639365648e-06  7.9804354768e-04  2.7426131788e-07 -8.9277556093e-06 -8.8068517637e-07  1.9022875931e-03
741011431.912867 -2606607.280 -3704753.764 4475049.054 -1.4112633302e-04  5.5493856984e-06  3.5506878826e-06 -8.8734725772e-07  9.1493286803e-04  1.0355552309e-05  1.6512809516e-06  4.1020313578e-06  7.2240179325e-04
741011429.977102 -2606607.280 -3704753.764 4475049.054  4.6984530733e-04  2.1827901840e-06  2.4825698519e-06  2.6349198212e-06  1.0821452203e-03  8.3344405187e-06 -2.8737770607e-06  6.5168881571e-06  5.6678999944e-04
741011447.000000 -2606520.389 -3704777.284 4475079.985  1.1346368294e-03 -5.8123324239e-06 -3.3516297344e-08  1.3454858087e-06  5.0657923880e-05 -9.5323080134e-06  5.6130901907e-06  2.0343837466e-07  1.1094656565e-03
741011451.493254 -2606520.389 -3704777.284 4475079.985  1.0302996858e-03  2.2096298628e-06 -8.1670675110e-06  5.9687332822e-06  3.6541128475e-04 -8.2204380446e-06 -6.8544915454e-07  8.7031486717e-06  6.1684398832e-04
741011451.956037 -2606520.389 -3704777.284 4475079.985 -3.2601909146e-04 -9.9285022632e-07 -4.7518595328e-06 -2.3053667730e-07  1.6191281283e-03 -3.4070012370e-06 -2.6628232385e-06 -3.9740737952e-06 -5.8100320680e-06
741011450.009789 -2606520.389 -3704777.284 4475079.985  1.3612497421e-03 -4.6672466889e-06 -5.2128856380e-06 -1.0219627988e-06  6.6200918837e-04 -1.8692072964e-06 -1.1298208696e-05 -2.7512310723e-06  1.0416542862e-03
741011467.000000 -2606433.587 -3704805.441 4475107.049  3.2854124930e-04  6.2355775439e-06 -3.1940038264e-06 -2.9604506709e-06 -2.5454287243e-04 -2.1953425595e-06 -4.2544938997e-06  2.3048055298e-06  4.4194063710e-04
741011471.431258 -2606433.587 -3704805.441 4475107.049  6.5906191249e-04 -4.7691756610e-06 -5.1023422600e-06  3.3575111671e-06  1.0864884646e-03 -2.8402763018e-06 -3.0789724618e-06 -7.1217400538e-06  2.1069651793e-05
741011471.995982 -2606433.587 -3704805.441 4475107.049  1.0274449086e-03 -3.2863645859e-07 -2.7380649246e-06 -8.9160223442e-07  8.7338764000e-04  1.4338952185e-07  1.1696964660e-06 -1.1008709535e-05 -4.2643365548e-04
741011470.048564 -2606433.587 -3704805.441 4475107.049  1.2912039347e-03 -1.7041952531e-06 -1.7590557745e-06 -4.1688219995e-06  4.4216596728e-04 -6.7278256175e-06  1.8576759978e-06  1.6572349398e-06  6.4905791377e-04
741011487.000000 -2606347.222 -3704838.124 4475130.136  1.3426959483e-03 -9.1233756261e-07 -1.6294906935e-06  3.1076742221e-06  1.0483305780e-03  2.6275520655e-06 -6.0910264099e-06 -3.9121321357e-06  2.6181765372e-04
741011491.366910 -2606347.222 -3704838.124 4475130.136  3.5599874179e-04  5.8945327881e-06 -1.9259240765e-06  3.4953770333e-06  6.8745881932e-04 -2.5200326980e-06  3.6327297346e-06 -9.9183531195e-06 -1.0298518954e-06
741011492.032697 -2606347.222 -3704838.124 4475130.136  5.0520471965e-04 -5.0644736442e-07  3.9021859823e-06 -1.8600504041e-06  1.0635052068e-03  5.2755642275e-07  1.9516868919e-06 -9.0668719486e-06  3.6603038299e-04
741011490.092962 -2606347.222 -3704838.124 4475130.136  2.8854995567e-05 -6.3273759865e-06  8.9367544441e-07 -1.4398905666e-06  3.8160315211e-04  3.9102779887e-07 -6.7312095501e-06 -5.0003830406e-06 -3.6417826135e-05
741011507.000000 -2606261.644 -3704875.201 4475149.154  1.0631664750e-03  1.3570872604e-06  8.1032297843e-06  6.2518182894e-06  7.5188407190e-04 -1.4900253410e-06  3.9741877639e-06 -3.7242556442e-06  1.5337804303e-03
741011511.300432 -2606261.644 -3704875.201 4475149.154  8.4345778423e-04  2.5136929417e-06 -6.2078294418e-06 -1.1807822827e-06  1.0879302817e-03  1.3297815398e-06 -9.9337264551e-06  7.3616871917e-06  1.2900546604e-03
741011512.066044 -2606261.644 -3704875.201 4475149.154  1.7879576239e-03 -1.5377934160e-06 -4.6345785166e-06 -3.2790709311e-06  3.4570063226e-04  1.0668869847e-06 -2.2156782668e-06 -3.7772274226e-06  1.1350317085e-04
741011510.142549 -2606261.644 -3704875.201 4475149.154  1.0904653653e-03 -3.4933081169e-06 -4.1845694729e-06 -2.3741859909e-06  1.8407663042e-03 -8.6902998776e-06  4.1164973848e-06 -1.2145512924e-05  1.0455606808e-03
741011527.000000 -2606177.197 -3704916.522 4475164.025  3.2978959108e-04  2.2543127694e-06 -7.6563265390e-06  2.3240771155e-06 -9.6264244302e-05 -1.3470489471e-05  4.6078080984e-06 -5.1642010265e-06  1.3065333737e-03
741011531.231967 -2606177.197 -3704916.522 4475164.025  1.7346434786e-03  3.7055973307e-06 -5.2576576372e-06  2.0567755886e-06 -1.0065182429e-04 -9.2703939281e-06 -3.6927197281e-06 -1.1083995100e-07 -2.3857397870e-05
741011532.096006 -2606177.197 -3704916.522 4475164.025 -2.8368540155e-04  1.2021601550e-06 -9.2963150450e-06 -1.8027584467e-06  1.9618358643e-03 -4.1828348019e-06 -2.9073926221e-06  6.2351472238e-06  1.3251795052e-03
741011530.196868 -2606177.197 -3704916.522 4475164.025  6.4215918054e-04 -4.4143232433e-06 -1.5453376114e-06  1.0368173312e-06  3.3479170117e-04 -9.5486088456e-06 -3.9690911740e-06 -3.9821154352e-06  1.0180647748e-03
741011547.000000 -2606094.220 -3704961.920 4475174.690 -2.3800783255e-04  1.8517286480e-06  1.5202940318e-06  1.7405625187e-07  5.6113646842e-04 -1.0351133177e-05  7.2271990351e-06 -1.5510698132e-05  1.2704715820e-03
741011551.161706 -2606094.220 -3704961.920 4475174.690  9.5999240430e-04  1.4780074229e-08  5.1676606200e-06  6.1435505222e-08  7.1215585099e-04 -1.1863750149e-05  9.1905550783e-07  1.0548381022e-05 -6.1190800711e-04
741011552.122515 -2606094.220 -3704961.920 4475174.690 -3.3902164383e-05  9.6026150966e-08  2.9020795527e-06  1.7218840230e-06  1.2116114556e-03  1.2019317738e-06 -6.6424858963e-07 -8.2566691672e-06  1.0955166921e-03
741011550.255441 -2606094.220 -3704961.920 4475174.690  4.4105362256e-04 -6.8172176342e-07 -8.9558717633e-06 -1.4803146304e-06  5.2766401636e-05 -1.1729251406e-05 -6.8089868810e-07  4.4566785626e-08  3.7169882137e-04
741011567.000000 -2606013.047 -3705011.213 4475181.107  1.4231163402e-03  6.6653317055e-07  3.0646634222e-06 -1.0034018278e-06  6.1830664544e-04  3.6927347763e-06 -2.7698483562e-06  1.5969244085e-06  1.0731551471e-03
741011571.089836 -2606013.047 -3705011.213 4475181.107  1.1682709156e-03  2.3544050667e-06  6.6615502160e-07  1.2958604684e-06  1.8285832485e-04  7.2854493217e-06  4.7993921344e-07 -5.0937877869e-06 -2.7205900395e-05
741011572.145521 -2606013.047 -3705011.213 4475181.107  1.4852721779e-03 -1.7637558104e-06 -4.6989788339e-06  3.2820991018e-06 -1.6295893782e-04 -3.7178643169e-06 -3.7497547987e-06 -9.0946487784e-06  1.3025430043e-03
741011570.317766 -2606013.047 -3705011.213 4475181.107  2.3833009275e-03 -2.8681952842e-06 -6.8859646435e-06 -4.8849182222e-06  1.3507181282e-03 -1.1319714731e-06 -2.7663604890e-06 -3.1762265936e-06  2.8394594492e-04
741011587.000000 -2605934.006 -3705064.203 4475183.249 -5.7097571404e-04 -1.1497960265e-06  3.0573843192e-07 -9.6783123571e-07  7.3692910622e-04  1.5244368555e-06 -2.1130118227e-06 -3.6754168414e-06  9.0895048091e-05
741011591.016559 -2605934.006 -3705064.203 4475183.249  1.4151868676e-04  2.3746081693e-06 -6.3618678180e-06 -5.4046102416e-08  1.8375221094e-03  5.3922097673e-06 -6.8578635618e-06 -3.0306941084e-06 -2.8044128538e-04
741011592.164979 -2605934.006 -3705064.203 4475183.249  3.8023893335e-04 -3.2075304400e-06  2.9550208330e-06  1.6415961363e-06  5.0686945873e-05 -4.2100740877e-06 -2.7419593060e-06 -3.2439864509e-06  1.1166782388e-05
741011590.383344 -2605934.006 -3705064.203 4475183.249 -2.1031687231e-04  2.9164595629e-07  8.1963366648e-07 -1.1628838213e-06  5.0078949679e-04 -2.3107437851e-06 -8.4514435194e-07  5.5253312728e-06 -1.1642396955e-04